7,-44
7,-44
7,-44
7,-44
7,-44
7,-44
-44,7
7,-44
7,-44
7,-44
7,-44
7,-44
1,1
7,-44
7,-44
7,-44
7,-44
7,-44
7,-44
7,-44
7,-44
7,-44
1,1
7,-44
7,-44
7,-44
7,-44
7,-44
7,-44
7,-44
7,-44
7,-44
7,-44
7,-44
10,-33
10,-33
10,-33
10,-33
10,-40
10,-40
20,-30
20,-30
-127,-156
-88,-76
0,0
0,0
-36,-37
-36,-37
-94,-37
-94,-37
-7,-37
-7,-37
-7,-37
-7,-37
-7,-37
-7,-37
-18,-39
-18,-39
-18,-39
1,1
11,-39
11,-39
11,-39
11,-39
11,-39
11,-39
11,-39
11,-39
11,-39
11,-39
11,-39
11,-39
11,-39
11,-39
11,-39
11,-39
11,-39
11,-39
1,1
-35,-37
-35,-37
7,-44
15,-35
15,-35
1,1
1,1
-25,-39
-25,-39
0,0
0,0
1,1
1,1
1,1
1,1
1,1
1,1
11,-39
11,-39
11,-39
11,-39
11,-39
11,-39
11,-39
11,-39
11,-39
11,-39
11,-39
11,-39
11,-39
11,-39
1,1
1,1
1,1
1,1
1,1
1,1
1,1
1,1
1,1
1,1
1,1
1,1
1,1
1,1
1,1
1,1
4,4
1,-39
1,-39
1,-39
1,-39
1,-39
13,-37
13,-37
13,-37
13,-37
13,-37
13,-37
13,-37
13,-37
13,-37
13,-37
13,-37
13,-37
13,-37
13,-37
13,-37
13,-37
18,-35
18,-35
18,-35
18,-35
18,-35
18,-35
18,-35
18,-35
18,-35
18,-35
18,-35
18,-35
18,-35
18,-35
18,-35
18,-35
1,1
1,1
50,50
10,10
-7,-37
-7,-37
-7,-37
1,1
1,1
1,1
1,1
1,1
5,5
12,-38
-7,-37
-7,-37
-7,-37
-7,-37
-7,-37
-7,-37
1,1
1,1
1,1
12,-38
12,-38
0,0
1,1
1,1
1,1
1,1
1,1
1,1
17,-35
-7,-37
-7,-37
-7,-37
-7,-37
-7,-37
-7,-37
-7,-37
-7,-37
-7,-37
-7,-37
7,-44
1,1
1,1
1,1
1,1
1,1
1,1
1,1
1,1
1,1
1,1
1,1
1,1
1,1
1,1
1,1
1,1
1,1
1,1
1,1
1,1
1,1
1,1
1,1
1,1
1,1
1,1
1,1
1,1
1,1
1,1
1,1
1,1
1,1
1,1
1,1
1,1
1,1
1,1
1,1
1,1
1,1
1,1
1,1
1,1
1,1
1,1
1,1
1,1
1,1
1,1
1,1
1,1
1,1
1,1
1,1
1,1
1,1
1,1
1,1
1,1
1,1
1,1
1,1
1,1
1,1
1,1
1,1
1,1
1,1
1,1
1,1
0,0
0,0
0,0
0,0
0,0
0,0
0,0
0,0
0,0
0,0
0,0
0,0
0,0
1,1
1,1
7,-44
0,0
0,0
7,-44
1,1
1,1
1,1
1,1
1,1
1,1
1,1
1,1
1,1
1,1
1,1
1,1
1,1
1,1
1,1
0,0
0,0
1,1
1,1
1,1
1,1
1,1
-44,-123
-50,-129
-52,-134
-55,-137
-58,-141
-60,-139
-61,-132
-62,-135
-63,-148
-25,-155
-29,-156
-28,-155
-28,-156
-33,-188
-37,-187
-52,-191
-55,-182
-58,-187
-60,-188
-61,-182
-62,-185
-62,-185
-63,-179
-9,-181
-9,-184
-9,-185
-9,-180
-9,-179
-9,-177
-8,-175
1,1
0,0
0,0
0,0
0,0
0,0
0,0
0,0
0,0
0,0
0,0
0,0
0,0
0,0
1,1
0,0
0,0
0,0
0,0
0,0
0,0
0,0
0,0
0,0
0,0
0,0
0,0
0,0
0,0
0,0
0,0
0,0
0,0
0,0
0,0
0,0
0,0
0,0
0,0
1,1
1,1
1,1
1,1
1,1
1,1
1,1
0,0
1,1
0,0
1,1
1,1
1,1
1,1
1,1
1,1
1,1
0,0
0,0
0,0
1,1
1,1
0,0
0,0
1,1
1,1
0,0
0,0
0,0
1,1
1,1
0,0
0,0
0,0
0,0
0,0
0,0
0,0
0,0
0,0
0,0
0,0
0,0
0,0
0,0
0,0
0,0
0,0
0,0
0,0
0,0
0,0
0,0
0,0
0,0
0,0
0,0
0,0
0,0
0,0
0,0
0,0
0,0
0,0
0,0
0,0
0,0
0,0
0,0
0,0
0,0
0,0
0,0
0,0
0,0
0,0
0,0
0,0
0,0
0,0
0,0
0,0
0,0
1,1
0,0
1,1
0,0
1,1
1,1
0,0
1,1
1,1
0,0
0,0
0,0
0,0
0,0
1,1
1,1
0,0
0,0
0,0
0,0
0,0
0,0
0,0
0,0
0,0
0,0
0,0
0,0
0,0
1,1
1,1
1,1
1,1
1,1
1,1
1,1
1,1
1,1
0,0
0,0
1,1
0,0
0,0
1,1
1,1
1,1
1,1
1,1
0,0
0,0
0,0
0,0
0,0
0,0
0,0
0,0
0,0
0,0
0,0
0,0
0,0
0,0
1,1
1,1
1,1
1,1
1,1
1,1
0,0
0,0
0,0
0,0
0,0
0,0
0,0
0,0
0,0
0,0
0,0
0,0
0,0
0,0
1,1
1,1
1,1
1,1
1,1
1,1
0,0
0,0
0,0
0,0
0,0
0,0
0,0
0,0
0,0
0,0
0,0
0,0
0,0
0,0
1,1
1,1
1,1
1,1
1,1
1,1
0,0
0,0
0,0
0,0
0,0
0,0
0,0
0,0
0,0
0,0
0,0
0,0
0,0
0,0
1,1
1,1
1,1
1,1
1,1
1,1
0,0
0,0
0,0
0,0
0,0
0,0
0,0
0,0
0,0
0,0
0,0
0,0
0,0
0,0
0,0
0,0
0,0
0,0
0,0
0,0
0,0
0,0
0,0
0,0
0,0
0,0
0,0
0,0
0,0
0,0
0,0
0,0
0,0
0,0
0,0
0,0
0,0
0,0
0,0
0,0
0,0
0,0
0,0
0,0
0,0
0,0
0,0
0,0
0,0
0,0
0,0
0,0
0,0
0,0
0,0
0,0
0,0
0,0
0,0
0,0
0,0
0,0
0,0
0,0
0,0
0,0
0,0
0,0
0,0
0,0
0,0
0,0
0,0
0,0
0,0
0,0
0,0
0,0
0,0
0,0
0,0
0,0
0,0
0,0
0,0
0,0
0,0
0,0
0,0
0,0
0,0
0,0
0,0
0,0
0,0
0,0
0,0
0,0
0,0
0,0
0,0
0,0
0,0
0,0
0,0
0,0
0,0
0,0
0,0
0,0
0,0
0,0
0,0
0,0
0,0
0,0
0,0
0,0
0,0
0,0
0,0
0,0
0,0
0,0
0,0
0,0
0,0
0,0
0,0
0,0
-144,-170
-144,-170
-144,-170
-52,-16
-74,-11
0,0
0,0
0,0
0,0
0,0
-31,-10
-39,-9
-21,-10
-100,-34
-100,-34
-100,-34
-100,-34
-100,-34
-100,-34
0,0
