-25,-54
-26,-48
-26,-88
-24,-92
-26,-88
-29,-79
0,0
0,0
0,0
0,0
-27,-66
-37,-63
-27,-88
-24,-90
-27,-88
-28,-80
0,0
0,0
0,0
0,0
-39,-84
-45,-83
-20,-83
-16,-82
-21,-83
-25,-85
0,0
0,0
0,0
0,0
-23,-85
-27,-86
-16,-65
-16,-62
-16,-65
-19,-76
0,0
0,0
0,0
0,0
0,-91
4,-92
-14,-56
-14,-49
-14,-57
-11,-75
0,0
0,0
0,0
0,0
30,-77
31,-78
-22,-68
-29,-64
-21,-69
-2,-78
0,0
0,0
0,0
0,0
9,-60
14,-55
-25,-79
-31,-79
-24,-78
-10,-72
0,0
0,0
0,0
0,0
-15,-46
-13,-40
-32,-84
-36,-86
-32,-84
-23,-75
0,0
0,0
0,0
0,0
-25,-52
-26,-48
-1,-78
-19,-90
-3,-104
-18,-66
-25,-104
-27,-91
0,0
0,0
-33,-65
-37,-63
3,-53
-26,-95
2,-87
-13,-60
-26,-96
-31,-94
0,0
0,0
-43,-84
-45,-83
-5,-24
-5,-71
-5,-68
-4,-44
-5,-66
-29,-86
0,0
0,0
-25,-86
-27,-86
-26,-26
20,-69
-27,-65
-15,-33
5,-71
-17,-63
0,0
0,0
2,-91
4,-91
-24,-42
23,-57
-26,-73
-20,-24
0,-72
-9,-64
0,0
0,0
30,-78
31,-78
-60,-57
-24,-46
-59,-67
-47,-36
-34,-62
-13,-70
0,0
0,0
11,-57
14,-55
-59,-64
-59,-48
-59,-62
-59,-45
-59,-64
-29,-77
0,0
0,0
-16,-43
-13,-40
-35,-79
-55,-72
-36,-94
-47,-62
-61,-86
-35,-85
0,0
0,0
-27,-64
-29,-61
-12,-75
-6,-65
-1,-52
4,-49
1,-49
-22,-55
-28,-73
-38,-139
-10,-163
1,-89
-8,-77
-17,-68
-28,-65
0,0
0,0
0,0
0,0
0,0
-27,-76
-22,-74
-23,-74
-24,-60
-25,-41
-21,-35
-22,-36
-31,-62
-16,-82
-9,-137
25,-154
7,-80
-13,-70
-27,-67
-31,-70
0,0
0,0
0,0
0,0
0,0
-32,-88
-27,-87
-27,-74
-30,-68
-40,-60
-43,-53
-40,-55
-30,-72
-25,-81
18,-132
11,-141
-8,-67
-25,-60
-25,-68
-27,-79
0,0
0,0
0,0
0,0
0,0
-20,-87
-22,-83
-29,-78
-28,-78
-34,-77
-35,-74
-34,-74
-35,-80
-8,-80
34,-112
-9,-126
-27,-56
-27,-58
-26,-69
-24,-81
0,0
0,0
0,0
0,0
0,0
1,-91
0,-88
-25,-72
-31,-85
-32,-90
-33,-87
-33,-86
-17,-77
9,-73
-1,-96
-29,-125
-38,-55
-29,-55
-19,-63
-15,-78
0,0
0,0
0,0
0,0
0,0
23,-78
25,-74
-20,-77
-17,-82
-14,-88
-18,-86
-17,-85
-1,-82
7,-62
-29,-89
-36,-134
-38,-60
-34,-53
-19,-71
1,-81
0,0
0,0
0,0
0,0
0,0
0,-64
1,-62
-2,-83
1,-86
13,-85
12,-84
12,-83
18,-71
-21,-57
-43,-106
-45,-149
-44,-67
-27,-73
1,-76
6,-72
0,0
0,0
0,0
0,0
0,0
-20,-56
-17,-51
-7,-78
15,-75
30,-68
31,-67
31,-66
-5,-61
-29,-59
-39,-125
-33,-152
-22,-90
-8,-79
-11,-73
-13,-67
0,0
0,0
0,0
0,0
0,0
-38,-49
-23,-120
-21,-156
-25,-84
-25,-84
-31,-81
0,0
0,0
0,0
0,0
-33,-60
-43,-137
-29,-159
-13,-87
-17,-87
-34,-83
0,0
0,0
0,0
0,0
-32,-71
-28,-152
-23,-160
2,-68
-6,-68
-22,-83
0,0
0,0
0,0
0,0
-25,-67
-39,-162
-27,-159
-9,-59
-11,-58
-21,-69
0,0
0,0
0,0
0,0
-6,-70
-19,-162
-21,-149
-16,-50
-15,-51
-13,-66
0,0
0,0
0,0
0,0
16,-61
1,-162
-17,-159
-40,-54
-40,-53
-10,-73
0,0
0,0
0,0
0,0
0,-51
21,-153
2,-161
-50,-66
-50,-66
-14,-74
0,0
0,0
0,0
0,0
-18,-43
3,-136
-16,-159
-43,-86
-43,-86
-26,-77
0,0
0,0
0,0
0,0
-29,-59
-25,-57
-21,-128
-22,-88
-22,-105
-21,-130
-21,-125
-21,-90
-20,-76
-20,-73
-22,-84
-21,-84
-28,-80
0,0
0,0
0,0
0,0
0,0
0,0
0,0
-30,-73
-29,-72
-11,-134
-34,-104
-21,-113
-6,-134
-33,-128
-34,-106
-42,-98
-41,-94
-16,-87
-18,-87
-33,-83
0,0
0,0
0,0
0,0
0,0
0,0
0,0
-28,-81
-24,-72
-2,-131
-30,-119
-15,-107
19,-127
-36,-129
-29,-123
-40,-118
-39,-114
-6,-68
-9,-68
-29,-82
0,0
0,0
0,0
0,0
0,0
0,0
0,0
-16,-82
-10,-78
-10,-131
-34,-130
-21,-94
-5,-115
-33,-123
-32,-134
-40,-133
-38,-129
-13,-58
-15,-55
-21,-68
0,0
0,0
0,0
0,0
0,0
0,0
0,0
11,-81
21,-71
-19,-120
-21,-133
-20,-81
-20,-102
-20,-125
-20,-132
-20,-137
-20,-131
-17,-54
-17,-52
-13,-67
0,0
0,0
0,0
0,0
0,0
0,0
0,0
15,-68
5,-59
-19,-131
-19,-129
-29,-93
-38,-114
-19,-123
4,-133
-3,-131
-4,-127
-40,-58
-40,-55
-8,-73
0,0
0,0
0,0
0,0
0,0
0,0
0,0
-5,-53
-12,-47
-1,-130
1,-118
-31,-106
-37,-126
-13,-128
23,-121
19,-116
18,-112
-50,-66
-50,-66
-15,-73
0,0
0,0
0,0
0,0
0,0
0,0
0,0
-26,-51
-25,-51
-20,-132
-19,-104
-30,-113
-39,-133
-20,-128
1,-105
-5,-96
-5,-93
-43,-86
-43,-86
-26,-77
0,0
0,0
0,0
0,0
0,0
0,0
0,0
-30,-60
-33,-57
26,-85
-17,-89
-32,-71
-29,-40
-15,-33
-15,-88
-9,-88
-15,-83
-25,-71
-30,-66
14,-68
11,-88
-29,-81
-41,-62
-40,-45
-18,-85
-11,-84
-24,-81
-29,-83
-30,-80
-5,-47
34,-72
-34,-86
-42,-77
-42,-69
-30,-79
-28,-73
-34,-80
-18,-79
-18,-76
-23,-53
8,-51
-8,-88
-35,-87
-41,-85
-32,-69
-30,-69
-34,-78
2,-84
-4,-81
-26,-65
-22,-34
13,-81
-8,-89
-25,-88
-29,-58
-32,-64
-26,-70
23,-73
24,-70
-42,-81
-42,-53
13,-69
21,-80
3,-87
-31,-55
-30,-62
-23,-71
-1,-59
0,-60
-31,-86
-38,-75
-12,-56
25,-65
31,-72
-32,-79
-33,-75
-14,-84
-24,-52
-19,-50
-10,-94
-38,-90
-30,-54
-3,-43
13,-53
-21,-90
-13,-90
-11,-85
-18,-58
-5,-59
15,-71
6,-81
-20,-84
-30,-68
0,0
0,0
0,0
0,0
-40,-64
-31,-57
-17,-67
4,-76
-4,-87
-26,-79
0,0
0,0
0,0
0,0
-49,-78
-52,-69
-43,-70
-16,-68
19,-81
-30,-88
0,0
0,0
0,0
0,0
-45,-86
-56,-89
-49,-82
-38,-72
-2,-68
-15,-84
0,0
0,0
0,0
0,0
-20,-79
-43,-96
-44,-97
-36,-82
-22,-59
3,-87
0,0
0,0
0,0
0,0
1,-86
-7,-89
-23,-100
-25,-90
-30,-68
17,-76
0,0
0,0
0,0
0,0
25,-77
15,-88
-1,-87
-17,-93
-32,-75
-6,-64
0,0
0,0
0,0
0,0
0,-64
29,-71
14,-85
-9,-82
-31,-87
-24,-59
0,0
0,0
0,0
0,0
-36,-66
-37,-68
-33,-65
-9,-68
-9,-68
-22,-60
0,0
0,0
0,0
0,0
-33,-76
-38,-72
-31,-71
-21,-65
-21,-65
-23,-69
0,0
0,0
0,0
0,0
-29,-79
-26,-69
-29,-81
-20,-73
-20,-73
-17,-77
0,0
0,0
0,0
0,0
-20,-76
-21,-77
-23,-81
-21,-82
-20,-82
-23,-87
0,0
0,0
0,0
0,0
-2,-84
0,-84
-11,-87
-27,-87
-27,-87
-16,-81
0,0
0,0
0,0
0,0
10,-75
-2,-77
18,-83
-16,-86
-16,-86
-2,-86
0,0
0,0
0,0
0,0
-7,-69
-9,-69
1,-74
2,-88
2,-88
20,-76
0,0
0,0
0,0
0,0
-25,-64
-28,-66
-17,-64
11,-78
11,-78
-6,-67
0,0
0,0
0,0
0,0
-28,-67
-29,-72
-30,-80
-10,-77
-10,-77
-10,-77
-10,-77
-27,-73
0,0
0,0
-22,-78
-24,-83
-28,-86
-18,-76
-18,-76
-18,-76
-18,-76
-34,-74
0,0
0,0
-26,-89
-26,-90
-29,-82
-23,-60
-23,-60
-23,-60
-23,-60
-31,-78
0,0
0,0
-16,-84
-14,-87
-13,-76
-29,-44
-29,-44
-29,-44
-29,-44
-24,-69
0,0
0,0
3,-88
3,-88
-1,-77
-23,-47
-23,-47
-23,-47
-23,-47
-16,-65
0,0
0,0
20,-77
15,-77
5,-71
-41,-42
-41,-42
-41,-42
-41,-42
-8,-73
0,0
0,0
-4,-64
-8,-66
-20,-69
-42,-67
-42,-67
-42,-67
-42,-67
-7,-72
0,0
0,0
-25,-58
-27,-63
-24,-72
-30,-80
-30,-80
-30,-80
-30,-80
-20,-72
0,0
0,0
-25,-57
-24,-108
-22,-125
-20,-128
-19,-98
-18,-97
-17,-100
-18,-98
-25,-89
-31,-76
-32,-72
-27,-119
-32,-132
-33,-134
-34,-114
-35,-113
-35,-116
-34,-114
-33,-105
-28,-89
-32,-86
-24,-132
-30,-143
-33,-143
-30,-132
-32,-132
-32,-134
-30,-132
-30,-118
-29,-102
-25,-95
-28,-142
-30,-150
-32,-150
-34,-143
-36,-143
-36,-146
-34,-144
-31,-130
-25,-107
-11,-94
-13,-140
-15,-145
-18,-142
-19,-141
-19,-144
-21,-146
-19,-141
-13,-127
-10,-106
14,-89
7,-140
-1,-150
-4,-150
0,-143
-3,-144
2,-147
4,-143
8,-126
15,-101
18,-76
22,-126
18,-139
20,-143
22,-132
19,-132
26,-135
26,-131
24,-114
13,-89
-7,-60
-5,-113
-6,-130
-5,-134
0,-114
-1,-115
6,-118
3,-114
-3,-97
-10,-74
-30,-66
-10,-71
-4,-95
-40,-72
-29,-44
-18,-62
-24,-82
-20,-82
-20,-82
-27,-77
-27,-75
-25,-68
21,-84
-41,-87
-47,-64
-50,-72
-45,-88
-47,-90
-52,-88
-44,-81
-27,-82
-27,-76
11,-70
-23,-93
-37,-82
-43,-85
-43,-100
-57,-101
-60,-100
-45,-94
-17,-73
-25,-87
-13,-54
-3,-92
-40,-93
-46,-98
-44,-109
-47,-100
-51,-101
-35,-95
-5,-81
-27,-92
-27,-60
21,-81
-14,-94
-21,-96
-19,-97
-20,-100
-17,-91
-14,-95
19,-74
-14,-90
-31,-77
9,-63
10,-91
-3,-99
-3,-107
-4,-98
-3,-101
6,-98
-7,-66
3,-91
-34,-90
-15,-42
23,-77
24,-88
11,-100
7,-100
11,-100
12,-86
-20,-60
13,-80
-24,-93
-33,-51
2,-57
3,-76
-3,-87
-4,-91
-3,-87
-8,-79
-30,-66
-10,-71
-9,-99
-28,-87
-2,-71
4,-99
-26,-113
-42,-92
-20,-86
-20,-109
-20,-110
-20,-107
-27,-88
0,0
0,0
0,0
0,0
0,0
0,0
0,0
-26,-75
-25,-68
17,-90
-32,-100
-18,-54
3,-82
-13,-113
-40,-108
-29,-98
-52,-115
-52,-118
-52,-112
-43,-92
0,0
0,0
0,0
0,0
0,0
0,0
0,0
-27,-82
-27,-76
8,-79
-20,-98
-35,-71
-12,-60
3,-102
-27,-117
-23,-111
-59,-127
-63,-128
-59,-125
-45,-106
0,0
0,0
0,0
0,0
0,0
0,0
0,0
-17,-73
-24,-87
-12,-66
1,-101
-32,-89
-25,-60
4,-85
-14,-117
-29,-123
-51,-128
-53,-126
-51,-126
-35,-106
0,0
0,0
0,0
0,0
0,0
0,0
0,0
-5,-81
-26,-92
-26,-69
25,-88
-36,-100
-42,-81
-13,-63
4,-109
-18,-119
-17,-118
-18,-122
-17,-116
-14,-107
0,0
0,0
0,0
0,0
0,0
0,0
0,0
19,-74
-13,-90
-25,-83
4,-74
-19,-101
-43,-98
-27,-62
7,-94
1,-123
-3,-128
-5,-126
-3,-126
7,-109
0,0
0,0
0,0
0,0
0,0
0,0
0,0
-7,-66
4,-91
-27,-95
-19,-59
-2,-101
-26,-107
-44,-85
-11,-73
22,-111
11,-127
7,-127
11,-124
12,-97
0,0
0,0
0,0
0,0
0,0
0,0
0,0
-21,-60
13,-80
-25,-96
-32,-71
19,-89
-14,-108
-44,-103
-24,-69
0,-98
-3,-114
-5,-118
-3,-112
-8,-90
0,0
0,0
0,0
0,0
0,0
0,0
0,0
-24,-63
-23,-67
-25,-62
-7,-67
11,-81
-10,-68
0,0
0,0
0,0
0,0
-22,-74
-25,-78
-23,-68
-21,-62
-2,-69
-22,-64
0,0
0,0
0,0
0,0
-28,-84
-31,-85
-26,-81
-23,-69
-18,-63
-21,-71
0,0
0,0
0,0
0,0
-18,-82
-20,-87
-26,-81
-23,-77
-22,-66
-20,-79
0,0
0,0
0,0
0,0
3,-85
4,-89
-12,-86
-28,-82
-26,-76
-26,-84
0,0
0,0
0,0
0,0
16,-74
12,-78
16,-80
-19,-82
-32,-83
-17,-83
0,0
0,0
0,0
0,0
-4,-61
-4,-66
4,-70
-1,-86
-24,-86
0,-85
0,0
0,0
0,0
0,0
-23,-55
-20,-61
-11,-59
11,-77
0,-90
8,-77
0,0
0,0
0,0
0,0
-32,-72
-32,-85
-14,-87
5,-79
-27,-71
-29,-69
0,0
0,0
0,0
0,0
-30,-82
-23,-78
3,-89
-8,-72
-25,-75
-23,-76
0,0
0,0
0,0
0,0
-22,-79
-11,-84
13,-77
-20,-69
-20,-81
-21,-85
0,0
0,0
0,0
0,0
-12,-81
11,-83
-9,-70
-27,-70
-21,-79
-15,-79
0,0
0,0
0,0
0,0
10,-80
-4,-75
-25,-68
-31,-80
-15,-75
-7,-83
0,0
0,0
0,0
0,0
-1,-71
-14,-70
-34,-74
-32,-80
-4,-79
16,-77
0,0
0,0
0,0
0,0
-14,-65
-28,-73
-33,-85
-20,-85
0,-73
-6,-69
0,0
0,0
0,0
0,0
-30,-67
-31,-78
-31,-88
1,-88
-18,-71
-21,-63
0,0
0,0
0,0
0,0
-28,-58
-27,-55
-23,-75
-20,-70
-19,-90
-20,-94
-20,-93
-26,-82
-29,-67
0,0
-22,-68
-19,-66
-22,-87
-25,-83
-36,-96
-48,-103
-48,-102
-50,-87
-39,-73
0,0
-22,-79
-15,-73
-16,-93
-18,-94
-36,-107
-56,-107
-56,-106
-53,-94
-41,-83
0,0
-21,-77
-20,-74
-20,-101
-26,-102
-35,-115
-49,-100
-49,-99
-38,-90
-29,-80
0,0
-8,-78
-12,-71
-14,-95
-19,-97
-19,-108
-17,-103
-17,-101
-16,-88
-12,-85
0,0
14,-72
4,-71
-2,-98
-5,-102
-2,-115
-10,-101
-10,-99
-2,-96
12,-84
0,0
2,-62
3,-63
9,-91
13,-95
23,-107
-3,-107
-3,-106
3,-93
4,-72
0,0
-15,-54
-16,-54
-12,-81
-5,-83
-2,-96
-10,-103
-10,-101
-10,-84
-11,-66
0,0
-20,-60
-17,-64
-18,-66
-18,-67
-19,-67
-20,-66
-19,-62
-19,-58
-19,-58
-19,-76
-19,-76
-19,-69
0,0
0,0
0,0
0,0
0,0
0,0
0,0
0,0
-24,-69
-25,-70
-25,-72
-25,-73
-25,-73
-25,-73
-28,-70
-33,-67
-34,-66
-23,-79
-23,-79
-23,-75
0,0
0,0
0,0
0,0
0,0
0,0
0,0
0,0
-16,-78
-19,-79
-20,-79
-20,-80
-20,-80
-21,-81
-25,-80
-32,-79
-35,-79
-19,-82
-19,-82
-19,-81
0,0
0,0
0,0
0,0
0,0
0,0
0,0
0,0
-23,-89
-23,-89
-24,-89
-24,-89
-24,-89
-25,-89
-28,-90
-32,-92
-34,-92
-23,-83
-23,-83
-23,-87
0,0
0,0
0,0
0,0
0,0
0,0
0,0
0,0
-19,-83
-21,-84
-20,-84
-20,-83
-19,-82
-19,-82
-19,-84
-19,-87
-19,-87
-18,-72
-18,-72
-19,-79
0,0
0,0
0,0
0,0
0,0
0,0
0,0
0,0
-3,-89
-8,-90
-7,-90
-7,-90
-8,-89
-5,-89
-3,-90
1,-92
1,-92
-14,-83
-14,-83
-9,-87
0,0
0,0
0,0
0,0
0,0
0,0
0,0
0,0
22,-78
19,-81
18,-82
18,-82
18,-81
20,-81
24,-80
28,-79
29,-79
7,-82
7,-82
15,-81
0,0
0,0
0,0
0,0
0,0
0,0
0,0
0,0
-4,-69
-3,-73
-4,-74
-5,-74
-6,-74
-6,-73
-3,-70
1,-67
2,-66
-15,-79
-15,-79
-9,-75
0,0
0,0
0,0
0,0
0,0
0,0
0,0
0,0
-27,-65
-6,-66
-18,-65
-27,-88
-19,-93
-10,-90
-18,-88
-29,-94
-18,-91
-8,-91
-18,-91
-28,-78
0,0
0,0
0,0
0,0
0,0
0,0
0,0
0,0
-30,-77
-21,-64
-7,-70
-14,-79
-24,-105
-25,-87
-27,-93
-31,-99
-28,-95
-26,-88
-28,-95
-31,-84
0,0
0,0
0,0
0,0
0,0
0,0
0,0
0,0
-27,-76
-25,-66
2,-70
-2,-84
-13,-99
-30,-91
-26,-100
-31,-108
-28,-100
-31,-91
-27,-101
-29,-94
0,0
0,0
0,0
0,0
0,0
0,0
0,0
0,0
-10,-79
-41,-71
-17,-66
17,-76
2,-102
-28,-102
-28,-106
-24,-101
-29,-105
-28,-101
-29,-105
-26,-94
0,0
0,0
0,0
0,0
0,0
0,0
0,0
0,0
12,-75
-37,-76
-22,-69
-10,-70
21,-89
-27,-104
-20,-98
-9,-104
-20,-96
-26,-104
-20,-97
-12,-93
0,0
0,0
0,0
0,0
0,0
0,0
0,0
0,0
4,-64
-32,-65
-35,-74
-24,-66
-5,-79
-17,-103
-8,-106
8,-101
-10,-105
-18,-103
-10,-105
5,-94
0,0
0,0
0,0
0,0
0,0
0,0
0,0
0,0
-13,-55
-10,-63
-39,-80
-33,-74
-25,-71
2,-107
14,-101
-2,-92
12,-102
1,-108
12,-102
6,-83
0,0
0,0
0,0
0,0
0,0
0,0
0,0
0,0
-27,-57
-3,-67
-38,-76
-28,-83
-26,-83
7,-97
-7,-94
-19,-90
-8,-96
7,-98
-9,-96
-14,-77
0,0
0,0
0,0
0,0
0,0
0,0
0,0
0,0
-28,-57
-27,-47
-28,-17
-17,-23
-11,-34
26,-69
6,-81
-9,-77
-29,-86
-22,-76
-18,-61
-18,-61
-18,-61
-26,-62
0,0
0,0
0,0
0,0
0,0
0,0
-23,-69
-34,-65
-42,-38
-27,-18
-21,-14
4,-39
-7,-72
2,-79
-15,-83
-26,-87
-22,-68
-22,-68
-22,-68
-24,-71
0,0
0,0
0,0
0,0
0,0
0,0
-31,-83
-36,-78
-43,-59
-44,-37
-19,-22
-21,-20
-14,-70
-7,-73
-1,-86
-11,-81
-15,-75
-15,-75
-15,-74
-20,-81
0,0
0,0
0,0
0,0
0,0
0,0
-18,-84
-18,-83
-23,-69
-43,-55
-46,-31
-27,-33
-38,-72
-21,-74
12,-76
3,-82
-20,-83
-20,-83
-20,-83
-23,-85
0,0
0,0
0,0
0,0
0,0
0,0
-4,-84
-4,-81
-25,-70
-26,-67
-46,-48
-49,-51
-49,-81
-34,-77
-11,-70
18,-72
-20,-76
-20,-76
-20,-76
-12,-82
0,0
0,0
0,0
0,0
0,0
0,0
23,-73
16,-72
-12,-61
-21,-68
-36,-62
-56,-71
-47,-81
-43,-83
-22,-68
-6,-58
-8,-83
-8,-83
-8,-83
4,-82
0,0
0,0
0,0
0,0
0,0
0,0
5,-62
5,-59
-5,-47
-14,-57
-14,-65
-31,-85
-23,-70
-39,-87
-28,-74
-27,-50
15,-75
15,-75
15,-75
10,-72
0,0
0,0
0,0
0,0
0,0
0,0
-20,-49
-17,-39
-8,-29
-10,-42
-12,-53
-1,-83
-9,-80
-23,-77
-28,-84
-30,-64
-7,-69
-7,-69
-7,-69
-12,-63
0,0
0,0
0,0
0,0
0,0
0,0
0,0
0,0
0,0
0,0
0,0
0,0
0,0
0,0
0,0
0,0
0,0
0,0
0,0
0,0
0,0
0,0
0,0
0,0
0,0
0,0
0,0
0,0
0,0
0,0
0,0
0,0
0,0
0,0
0,0
0,0
0,0
0,0
0,0
0,0
0,0
0,0
0,0
0,0
0,0
0,0
0,0
0,0
0,0
0,0
0,0
0,0
0,0
0,0
0,0
0,0
0,0
0,0
0,0
0,0
0,0
0,0
0,0
0,0
0,0
0,0
0,0
0,0
0,0
0,0
0,0
0,0
0,0
0,0
0,0
0,0
0,0
0,0
0,0
0,0
0,0
0,0
0,0
0,0
0,0
0,0
-25,-50
-24,-45
-25,-85
-23,-89
-25,-85
-25,-76
0,0
0,0
0,0
0,0
-27,-63
-36,-59
-26,-85
-23,-88
-26,-85
-27,-79
0,0
0,0
0,0
0,0
-38,-81
-44,-79
-19,-80
-14,-80
-19,-80
-23,-83
0,0
0,0
0,0
0,0
-25,-85
-26,-83
-14,-63
-13,-60
-14,-63
-20,-76
0,0
0,0
0,0
0,0
-4,-90
5,-89
-12,-55
-12,-48
-12,-55
-11,-72
0,0
0,0
0,0
0,0
30,-78
32,-75
-19,-66
-26,-62
-19,-66
-5,-77
0,0
0,0
0,0
0,0
15,-62
15,-52
-23,-75
-29,-76
-23,-75
-3,-73
0,0
0,0
0,0
0,0
-9,-45
-10,-37
-30,-81
-34,-83
-30,-81
-21,-75
0,0
0,0
0,0
0,0
-24,-48
-24,-45
1,-78
-18,-88
-1,-103
-17,-64
-24,-103
-24,-89
0,0
0,0
-30,-61
-36,-59
5,-52
-25,-94
2,-87
-12,-59
-25,-94
-29,-92
0,0
0,0
-43,-81
-44,-79
-4,-25
-4,-71
-4,-68
-4,-44
-5,-66
-23,-87
0,0
0,0
-26,-87
-26,-83
-25,-27
20,-69
-26,-66
-14,-35
5,-72
-20,-67
0,0
0,0
-2,-91
5,-89
-23,-43
24,-58
-24,-74
-18,-25
1,-72
-9,-63
0,0
0,0
34,-78
32,-75
-57,-57
-22,-46
-56,-68
-44,-37
-31,-63
-14,-70
0,0
0,0
17,-59
15,-52
-55,-64
-55,-47
-55,-63
-55,-46
-55,-63
-23,-78
0,0
0,0
-10,-41
-10,-37
-32,-78
-52,-71
-33,-93
-44,-61
-57,-85
-31,-83
0,0
0,0
-26,-61
-27,-59
-12,-73
-5,-62
0,-49
4,-47
2,-47
-20,-52
-26,-71
-36,-139
-8,-165
3,-86
-5,-74
-10,-66
-21,-63
0,0
0,0
0,0
0,0
0,0
-26,-73
-20,-71
-21,-71
-23,-58
-23,-39
-19,-34
-20,-35
-29,-60
-14,-78
-8,-137
26,-156
8,-77
-10,-66
-21,-64
-29,-68
0,0
0,0
0,0
0,0
0,0
-30,-85
-25,-84
-26,-72
-29,-66
-38,-58
-41,-51
-38,-52
-28,-69
-23,-77
20,-132
13,-142
-6,-63
-22,-57
-27,-64
-23,-75
0,0
0,0
0,0
0,0
0,0
-18,-84
-20,-81
-27,-75
-26,-75
-32,-75
-33,-72
-32,-72
-33,-77
-7,-76
35,-112
-6,-127
-25,-53
-24,-55
-27,-68
-24,-81
0,0
0,0
0,0
0,0
0,0
4,-88
1,-85
-23,-70
-29,-83
-30,-87
-31,-84
-31,-83
-16,-74
9,-70
1,-95
-28,-125
-37,-52
-29,-54
-22,-64
-15,-74
0,0
0,0
0,0
0,0
0,0
24,-76
26,-71
-18,-75
-16,-80
-13,-85
-17,-83
-16,-82
0,-78
7,-60
-28,-89
-35,-134
-37,-57
-32,-52
-20,-68
-4,-82
0,0
0,0
0,0
0,0
0,0
2,-61
2,-60
-1,-80
1,-83
13,-82
13,-81
12,-80
18,-68
-19,-54
-42,-105
-45,-149
-45,-65
-26,-70
-2,-75
15,-74
0,0
0,0
0,0
0,0
0,0
-19,-53
-15,-49
-7,-76
16,-72
31,-65
33,-64
29,-64
-4,-58
-28,-56
-38,-124
-32,-154
-20,-87
-4,-77
-4,-71
-7,-68
0,0
0,0
0,0
0,0
0,0
-35,-45
-21,-124
-20,-159
-24,-82
-23,-82
-25,-78
0,0
0,0
0,0
0,0
-32,-56
-40,-140
-28,-160
-12,-84
-16,-84
-32,-78
0,0
0,0
0,0
0,0
-30,-67
-25,-155
-22,-162
3,-66
-5,-66
-22,-81
0,0
0,0
0,0
0,0
-26,-65
-36,-164
-26,-162
-8,-58
-10,-56
-21,-71
0,0
0,0
0,0
0,0
-6,-67
-18,-164
-19,-152
-14,-48
-13,-50
-13,-63
0,0
0,0
0,0
0,0
15,-60
2,-164
-16,-161
-38,-53
-38,-52
-12,-73
0,0
0,0
0,0
0,0
4,-52
21,-156
3,-163
-47,-64
-47,-64
-8,-76
0,0
0,0
0,0
0,0
-15,-42
3,-140
-15,-162
-41,-83
-41,-83
-21,-76
0,0
0,0
0,0
0,0
-28,-56
-24,-54
-19,-130
-20,-94
-20,-112
-20,-132
-19,-125
-20,-92
-19,-80
-18,-77
-20,-82
-20,-82
-24,-77
0,0
0,0
0,0
0,0
0,0
0,0
0,0
-26,-69
-28,-68
-8,-134
-30,-108
-18,-119
-6,-136
-33,-128
-32,-108
-39,-100
-38,-96
-15,-84
-17,-84
-31,-78
0,0
0,0
0,0
0,0
0,0
0,0
0,0
-29,-80
-23,-68
1,-131
-25,-121
-12,-112
17,-131
-36,-129
-26,-124
-37,-119
-35,-115
-5,-66
-9,-66
-27,-81
0,0
0,0
0,0
0,0
0,0
0,0
0,0
-17,-79
-9,-75
-8,-130
-30,-131
-19,-98
-5,-120
-33,-124
-30,-134
-37,-133
-35,-128
-12,-57
-14,-54
-21,-70
0,0
0,0
0,0
0,0
0,0
0,0
0,0
7,-81
22,-68
-18,-120
-19,-133
-19,-85
-19,-107
-19,-127
-18,-131
-19,-136
-18,-131
-16,-53
-16,-50
-12,-64
0,0
0,0
0,0
0,0
0,0
0,0
0,0
20,-69
6,-57
-19,-130
-20,-130
-29,-97
-35,-119
-16,-124
4,-133
-3,-132
-4,-126
-38,-56
-38,-54
-11,-73
0,0
0,0
0,0
0,0
0,0
0,0
0,0
1,-54
-11,-44
-2,-131
-2,-121
-31,-111
-33,-130
-10,-129
24,-122
18,-118
17,-113
-47,-64
-47,-64
-9,-75
0,0
0,0
0,0
0,0
0,0
0,0
0,0
-22,-48
-23,-47
-20,-133
-20,-108
-30,-119
-36,-136
-16,-127
2,-106
-4,-99
-5,-95
-41,-83
-41,-83
-22,-75
0,0
0,0
0,0
0,0
0,0
0,0
0,0
-28,-57
-31,-55
26,-84
-15,-86
-29,-68
-27,-39
-13,-32
-13,-85
-7,-85
-13,-81
-23,-67
-28,-63
15,-67
12,-85
-27,-78
-39,-59
-38,-44
-18,-82
-10,-81
-23,-79
-28,-81
-28,-76
-3,-46
35,-70
-32,-83
-40,-75
-40,-67
-29,-77
-27,-71
-34,-79
-17,-79
-16,-73
-21,-51
9,-49
-8,-85
-33,-85
-39,-82
-31,-68
-30,-68
-34,-78
-2,-83
-3,-77
-25,-62
-20,-33
13,-78
-7,-86
-23,-85
-27,-57
-31,-64
-24,-71
27,-72
24,-67
-41,-78
-40,-52
13,-67
21,-78
3,-84
-29,-55
-28,-62
-21,-72
3,-61
1,-57
-30,-83
-36,-73
-10,-54
24,-63
30,-70
-29,-77
-30,-75
-11,-84
-18,-50
-17,-47
-9,-92
-37,-88
-28,-52
-2,-42
14,-52
-18,-87
-10,-88
-8,-83
-16,-54
-2,-55
17,-68
8,-78
-17,-82
-27,-64
0,0
0,0
0,0
0,0
-39,-61
-29,-53
-16,-63
5,-73
-2,-84
-24,-74
0,0
0,0
0,0
0,0
-49,-75
-52,-66
-43,-67
-16,-66
20,-77
-28,-85
0,0
0,0
0,0
0,0
-44,-84
-56,-86
-49,-81
-38,-70
-1,-65
-14,-80
0,0
0,0
0,0
0,0
-19,-78
-42,-94
-43,-95
-35,-81
-21,-57
1,-85
0,0
0,0
0,0
0,0
4,-84
-5,-88
-20,-99
-23,-88
-30,-66
22,-74
0,0
0,0
0,0
0,0
27,-74
18,-85
2,-85
-14,-91
-31,-73
-2,-63
0,0
0,0
0,0
0,0
2,-61
32,-68
17,-82
-5,-79
-28,-85
-20,-56
0,0
0,0
0,0
0,0
-35,-64
-36,-65
-33,-62
-9,-66
-9,-66
-16,-59
0,0
0,0
0,0
0,0
-32,-72
-37,-69
-30,-69
-19,-63
-20,-63
-24,-66
0,0
0,0
0,0
0,0
-28,-78
-24,-67
-28,-79
-18,-70
-18,-70
-18,-74
0,0
0,0
0,0
0,0
-20,-74
-19,-75
-22,-78
-18,-79
-18,-79
-21,-85
0,0
0,0
0,0
0,0
-4,-83
3,-81
-8,-84
-25,-84
-25,-84
-18,-81
0,0
0,0
0,0
0,0
16,-76
0,-73
19,-79
-14,-83
-14,-83
-5,-86
0,0
0,0
0,0
0,0
-3,-69
-7,-66
3,-71
2,-85
2,-85
19,-77
0,0
0,0
0,0
0,0
-20,-62
-27,-63
-16,-61
12,-76
12,-76
-1,-68
0,0
0,0
0,0
0,0
-26,-64
-28,-69
-30,-77
-10,-73
-10,-73
-10,-73
-10,-73
-22,-71
0,0
0,0
-17,-74
-23,-81
-28,-83
-18,-72
-18,-72
-18,-72
-18,-72
-32,-71
0,0
0,0
-26,-86
-24,-87
-28,-79
-22,-57
-22,-57
-22,-57
-22,-57
-28,-75
0,0
0,0
-16,-83
-14,-84
-11,-75
-28,-42
-28,-42
-28,-42
-28,-42
-24,-70
0,0
0,0
-1,-87
5,-86
0,-75
-21,-45
-21,-45
-21,-45
-21,-45
-15,-61
0,0
0,0
24,-77
15,-74
7,-68
-38,-41
-38,-41
-38,-41
-38,-41
-11,-72
0,0
0,0
1,-65
-6,-64
-17,-66
-39,-64
-39,-64
-39,-64
-39,-64
-2,-73
0,0
0,0
-20,-56
-25,-61
-22,-69
-27,-76
-27,-76
-27,-76
-27,-76
-16,-71
0,0
0,0
-21,-51
-19,-106
-19,-124
-18,-128
-18,-101
-17,-99
-16,-102
-17,-101
-21,-90
-25,-74
-31,-65
-27,-118
-31,-131
-32,-134
-32,-116
-33,-115
-33,-118
-32,-116
-30,-104
-27,-87
-27,-80
-20,-130
-29,-142
-32,-144
-28,-132
-30,-133
-30,-135
-28,-133
-27,-118
-25,-98
-28,-92
-26,-142
-29,-151
-32,-151
-32,-144
-34,-144
-33,-147
-32,-144
-30,-130
-27,-108
-14,-90
-16,-139
-16,-145
-17,-144
-17,-142
-18,-144
-18,-147
-18,-142
-14,-126
-12,-105
8,-90
4,-142
0,-151
-2,-151
1,-144
-2,-144
3,-147
4,-144
6,-128
8,-105
24,-76
27,-128
24,-141
21,-144
22,-132
19,-133
26,-136
25,-132
24,-116
21,-93
0,-61
1,-115
-2,-131
-3,-134
1,-116
-1,-116
6,-119
4,-116
0,-100
-5,-79
-28,-63
-7,-68
-3,-94
-38,-72
-27,-44
-16,-61
-23,-78
-19,-78
-18,-78
-23,-74
-26,-72
-23,-65
24,-82
-38,-86
-44,-63
-48,-70
-46,-85
-48,-87
-53,-85
-42,-79
-26,-79
-26,-73
13,-68
-20,-91
-34,-80
-41,-83
-46,-99
-58,-99
-61,-99
-43,-93
-16,-71
-24,-84
-10,-51
-1,-90
-38,-91
-44,-96
-44,-109
-48,-100
-52,-102
-35,-96
-4,-78
-26,-90
-26,-57
22,-79
-12,-92
-19,-95
-17,-98
-18,-102
-16,-93
-13,-93
20,-71
-13,-88
-31,-74
9,-61
10,-89
-1,-97
1,-107
-1,-99
1,-102
4,-97
-5,-63
5,-89
-34,-88
-15,-41
23,-76
24,-86
16,-98
12,-99
16,-98
18,-88
-19,-57
15,-78
-23,-92
-31,-51
3,-57
4,-74
1,-84
0,-87
1,-84
-4,-78
-28,-63
-7,-68
-5,-97
-27,-88
0,-71
5,-98
-24,-112
-39,-92
-18,-86
-18,-107
-18,-107
-18,-104
-23,-86
0,0
0,0
0,0
0,0
0,0
0,0
0,0
-26,-72
-23,-65
19,-88
-30,-98
-16,-53
6,-81
-11,-112
-37,-108
-27,-98
-52,-113
-53,-116
-53,-111
-42,-91
0,0
0,0
0,0
0,0
0,0
0,0
0,0
-26,-79
-26,-73
10,-76
-17,-96
-33,-70
-10,-59
5,-101
-24,-116
-21,-111
-61,-127
-64,-128
-61,-125
-43,-104
0,0
0,0
0,0
0,0
0,0
0,0
0,0
-16,-71
-24,-84
-11,-63
3,-99
-31,-87
-24,-59
5,-84
-12,-116
-28,-123
-52,-130
-54,-129
-52,-128
-35,-109
0,0
0,0
0,0
0,0
0,0
0,0
0,0
-4,-78
-26,-90
-25,-66
25,-86
-35,-99
-41,-80
-12,-63
4,-108
-16,-119
-16,-121
-16,-125
-16,-119
-13,-105
0,0
0,0
0,0
0,0
0,0
0,0
0,0
20,-71
-13,-88
-26,-80
4,-72
-19,-100
-42,-97
-26,-63
7,-94
2,-123
2,-130
1,-129
1,-128
4,-110
0,0
0,0
0,0
0,0
0,0
0,0
0,0
-5,-63
5,-89
-27,-93
-18,-58
-2,-100
-25,-107
-43,-85
-10,-74
23,-111
16,-127
13,-127
16,-125
19,-99
0,0
0,0
0,0
0,0
0,0
0,0
0,0
-19,-57
15,-78
-24,-95
-31,-70
20,-89
-12,-107
-42,-103
-22,-70
1,-98
1,-112
0,-116
1,-110
-3,-89
0,0
0,0
0,0
0,0
0,0
0,0
0,0
-23,-60
-21,-66
-23,-59
-6,-64
11,-78
-5,-68
0,0
0,0
0,0
0,0
-19,-70
-24,-75
-22,-66
-20,-60
-1,-66
-18,-62
0,0
0,0
0,0
0,0
-27,-82
-29,-81
-25,-78
-22,-67
-16,-60
-20,-69
0,0
0,0
0,0
0,0
-18,-79
-19,-84
-23,-78
-22,-74
-21,-63
-17,-75
0,0
0,0
0,0
0,0
-1,-85
5,-86
-10,-83
-26,-79
-24,-73
-24,-82
0,0
0,0
0,0
0,0
22,-74
12,-76
18,-77
-17,-79
-31,-80
-18,-79
0,0
0,0
0,0
0,0
1,-62
-2,-63
4,-66
1,-83
-22,-83
-3,-85
0,0
0,0
0,0
0,0
-18,-53
-18,-58
-11,-56
11,-74
1,-88
15,-77
0,0
0,0
0,0
0,0
-33,-68
-31,-82
-12,-85
7,-76
-25,-68
-28,-67
0,0
0,0
0,0
0,0
-30,-79
-20,-76
6,-87
-6,-68
-24,-73
-24,-73
0,0
0,0
0,0
0,0
-22,-78
-9,-82
15,-74
-18,-65
-18,-78
-21,-83
0,0
0,0
0,0
0,0
-12,-78
13,-79
-8,-67
-26,-67
-19,-76
-18,-80
0,0
0,0
0,0
0,0
8,-79
-4,-71
-25,-64
-31,-77
-13,-72
-9,-80
0,0
0,0
0,0
0,0
3,-70
-14,-66
-34,-71
-31,-78
-3,-76
11,-78
0,0
0,0
0,0
0,0
-12,-64
-27,-70
-33,-83
-19,-83
0,-70
-1,-69
0,0
0,0
0,0
0,0
-28,-64
-30,-76
-29,-87
3,-86
-16,-68
-15,-63
0,0
0,0
0,0
0,0
-26,-55
-25,-53
-22,-76
-18,-70
-17,-87
-18,-91
-18,-89
-22,-78
-26,-62
0,0
-23,-65
-18,-63
-20,-87
-23,-82
-35,-94
-49,-100
-49,-99
-49,-83
-40,-67
0,0
-21,-75
-14,-70
-14,-93
-16,-93
-36,-105
-58,-107
-58,-105
-52,-93
-41,-80
0,0
-21,-76
-18,-71
-17,-99
-24,-100
-35,-115
-50,-102
-50,-101
-41,-91
-32,-80
0,0
-10,-76
-11,-68
-12,-93
-17,-95
-17,-108
-16,-106
-16,-105
-14,-87
-12,-81
0,0
10,-73
5,-67
-1,-95
-5,-100
0,-115
-5,-103
-5,-101
-1,-94
7,-82
0,0
7,-63
3,-60
8,-89
12,-94
25,-106
3,-107
3,-105
9,-91
12,-70
0,0
-12,-54
-15,-52
-12,-80
-5,-83
0,-94
-6,-100
-6,-98
-6,-80
-8,-64
0,0
-18,-57
-17,-60
-17,-63
-17,-63
-18,-64
-18,-63
-18,-59
-18,-55
-18,-54
-18,-73
-18,-73
-18,-66
0,0
0,0
0,0
0,0
0,0
0,0
0,0
0,0
-22,-66
-24,-68
-24,-69
-23,-70
-23,-70
-24,-70
-27,-67
-32,-64
-34,-63
-22,-76
-22,-76
-22,-72
0,0
0,0
0,0
0,0
0,0
0,0
0,0
0,0
-15,-75
-18,-76
-19,-77
-19,-77
-19,-78
-20,-78
-25,-77
-32,-76
-35,-76
-18,-79
-18,-79
-18,-78
0,0
0,0
0,0
0,0
0,0
0,0
0,0
0,0
-22,-86
-22,-86
-22,-87
-22,-87
-23,-87
-24,-87
-27,-88
-31,-90
-34,-90
-22,-80
-22,-80
-22,-84
0,0
0,0
0,0
0,0
0,0
0,0
0,0
0,0
-17,-81
-18,-81
-18,-81
-17,-80
-17,-80
-17,-80
-17,-82
-17,-85
-17,-85
-17,-70
-17,-70
-17,-76
0,0
0,0
0,0
0,0
0,0
0,0
0,0
0,0
-2,-86
-4,-87
-5,-87
-5,-87
-6,-87
-4,-87
-1,-88
3,-90
2,-90
-12,-80
-12,-80
-7,-84
0,0
0,0
0,0
0,0
0,0
0,0
0,0
0,0
22,-75
21,-77
20,-78
20,-78
20,-78
21,-78
25,-77
30,-77
31,-77
8,-79
8,-79
16,-78
0,0
0,0
0,0
0,0
0,0
0,0
0,0
0,0
-2,-66
-2,-69
-4,-70
-4,-71
-5,-71
-4,-70
-1,-67
3,-64
4,-63
-12,-76
-12,-76
-8,-72
0,0
0,0
0,0
0,0
0,0
0,0
0,0
0,0
-26,-62
-3,-64
-17,-64
-27,-86
-18,-92
-9,-88
-16,-87
-26,-92
-16,-89
-8,-89
-16,-89
-24,-75
0,0
0,0
0,0
0,0
0,0
0,0
0,0
0,0
-29,-73
-18,-60
-5,-69
-12,-78
-22,-103
-25,-86
-25,-91
-29,-97
-27,-93
-25,-86
-27,-93
-29,-82
0,0
0,0
0,0
0,0
0,0
0,0
0,0
0,0
-25,-73
-23,-62
5,-68
0,-82
-11,-97
-29,-90
-25,-98
-30,-106
-27,-99
-30,-90
-27,-99
-27,-91
0,0
0,0
0,0
0,0
0,0
0,0
0,0
0,0
-11,-76
-41,-68
-14,-62
19,-73
4,-99
-26,-100
-27,-104
-23,-100
-28,-104
-26,-100
-28,-104
-26,-94
0,0
0,0
0,0
0,0
0,0
0,0
0,0
0,0
14,-72
-38,-74
-20,-65
-8,-66
21,-88
-24,-103
-19,-97
-8,-102
-18,-96
-24,-103
-18,-96
-13,-91
0,0
0,0
0,0
0,0
0,0
0,0
0,0
0,0
5,-61
-32,-64
-34,-69
-22,-63
-4,-77
-15,-102
-7,-104
9,-100
-9,-104
-16,-101
-8,-103
2,-94
0,0
0,0
0,0
0,0
0,0
0,0
0,0
0,0
-11,-52
-9,-62
-39,-77
-32,-70
-23,-70
4,-105
15,-99
-1,-91
13,-101
3,-105
13,-100
13,-83
0,0
0,0
0,0
0,0
0,0
0,0
0,0
0,0
-25,-54
0,-66
-38,-74
-28,-80
-25,-81
8,-95
-6,-92
-17,-89
-7,-94
8,-96
-7,-93
-10,-78
0,0
0,0
0,0
0,0
0,0
0,0
0,0
0,0
-27,-54
-25,-45
-24,-18
-16,-24
-12,-34
21,-66
9,-79
-6,-76
-28,-84
-20,-74
-17,-59
-17,-59
-17,-59
-23,-59
0,0
0,0
0,0
0,0
0,0
0,0
-24,-66
-31,-63
-38,-37
-25,-19
-21,-16
4,-37
-3,-69
6,-77
-14,-81
-24,-84
-21,-66
-21,-66
-21,-66
-23,-68
0,0
0,0
0,0
0,0
0,0
0,0
-28,-80
-33,-75
-39,-56
-40,-36
-17,-23
-21,-18
-13,-65
-3,-70
1,-84
-9,-77
-13,-72
-13,-72
-13,-72
-17,-77
0,0
0,0
0,0
0,0
0,0
0,0
-19,-83
-16,-79
-21,-66
-39,-53
-42,-31
-26,-33
-38,-68
-19,-69
14,-73
3,-78
-18,-80
-18,-80
-18,-80
-21,-83
0,0
0,0
0,0
0,0
0,0
0,0
-7,-82
-3,-78
-24,-67
-23,-64
-41,-47
-46,-50
-49,-78
-33,-73
-9,-67
18,-69
-18,-73
-18,-73
-18,-73
-12,-78
0,0
0,0
0,0
0,0
0,0
0,0
18,-75
16,-69
-13,-59
-20,-64
-32,-60
-52,-69
-47,-80
-43,-81
-21,-64
-6,-56
-6,-79
-6,-79
-6,-79
1,-81
0,0
0,0
0,0
0,0
0,0
0,0
11,-64
5,-57
-6,-46
-15,-55
-13,-61
-28,-82
-22,-70
-39,-85
-28,-71
-26,-48
15,-72
15,-72
15,-72
16,-71
0,0
0,0
0,0
0,0
0,0
0,0
-13,-50
-16,-38
-8,-29
-11,-41
-13,-51
2,-79
-6,-79
-22,-76
-27,-81
-28,-62
-6,-67
-6,-67
-6,-67
-9,-63
0,0
0,0
0,0
0,0
0,0
0,0
0,0
0,0
0,0
0,0
0,0
0,0
0,0
0,0
0,0
0,0
0,0
0,0
0,0
0,0
0,0
0,0
0,0
0,0
0,0
0,0
0,0
0,0
0,0
0,0
0,0
0,0
0,0
0,0
0,0
0,0
0,0
0,0
0,0
0,0
0,0
0,0
0,0
0,0
0,0
0,0
0,0
0,0
0,0
0,0
0,0
0,0
0,0
0,0
0,0
0,0
0,0
0,0
0,0
0,0
0,0
0,0
0,0
0,0
0,0
0,0
0,0
0,0
0,0
0,0
0,0
0,0
0,0
0,0
0,0
0,0
0,0
0,0
0,0
0,0
0,0
0,0
0,0
0,0
0,0
0,0
37,-87
33,-61
13,-122
10,-126
14,-121
29,-90
0,0
0,0
0,0
0,0
18,-65
1,-27
54,-99
56,-106
52,-98
41,-54
0,0
0,0
0,0
0,0
-3,-54
-24,-14
68,-35
73,-39
66,-34
37,-17
0,0
0,0
0,0
0,0
-22,-65
-28,-31
53,-4
58,-5
51,-6
22,-6
0,0
0,0
0,0
0,0
-36,-91
-40,-47
12,8
14,10
11,6
-26,-9
0,0
0,0
0,0
0,0
-19,-113
-50,-51
-88,-6
-86,-3
-87,-8
-91,-22
0,0
0,0
0,0
0,0
19,-116
-22,-67
-129,-37
-134,-35
-126,-38
-93,-53
0,0
0,0
0,0
0,0
41,-109
26,-78
-84,-101
-92,-102
-81,-102
-30,-93
0,0
0,0
0,0
0,0
32,-90
33,-61
4,-131
14,-132
5,-128
11,-126
14,-129
28,-129
0,0
0,0
9,-74
1,-27
53,-105
62,-101
55,-95
58,-104
61,-100
55,-80
0,0
0,0
-13,-64
-24,-14
74,-45
74,-32
75,-33
74,-42
74,-32
60,-28
0,0
0,0
-23,-67
-28,-31
62,-9
52,1
62,0
59,-8
54,2
31,-7
0,0
0,0
-20,-86
-40,-47
15,7
1,10
14,14
13,5
4,14
-55,-11
0,0
0,0
-10,-101
-50,-51
-83,-1
-94,-5
-92,2
-89,-8
-88,0
-99,-60
0,0
0,0
18,-103
-22,-67
-129,-32
-135,-40
-137,-32
-136,-40
-130,-33
-75,-115
0,0
0,0
36,-103
26,-78
-87,-95
-90,-104
-93,-100
-91,-102
-83,-98
-10,-139
0,0
0,0
38,-46
2,-41
-79,-52
-43,-87
-1,-41
1,-34
-3,-39
42,-36
27,-24
1,-86
-16,-133
32,-41
32,-22
31,-20
35,-53
0,0
0,0
0,0
0,0
0,0
0,-37
-63,-38
-17,-80
-36,-116
-10,-50
-9,-41
-10,-47
30,-8
10,-21
-6,-94
-54,-146
47,-24
34,-8
27,-5
32,-14
0,0
0,0
0,0
0,0
0,0
-47,-65
-75,-79
37,-74
3,-128
-55,-60
-31,-53
-57,-54
10,-1
-34,-24
-50,-101
-53,-162
36,-8
9,0
12,0
16,-5
0,0
0,0
0,0
0,0
0,0
-56,-103
-36,-117
41,-33
32,-130
-72,-68
-67,-59
-66,-66
-15,-8
-71,-31
-70,-109
-12,-187
-29,2
-60,2
-50,-2
-51,-12
0,0
0,0
0,0
0,0
0,0
-23,-132
-6,-132
25,-12
31,-108
-37,-101
-56,-66
-27,-99
-72,-21
-58,-41
-41,-143
38,-183
-84,-2
-86,-7
-86,-11
-85,-47
0,0
0,0
0,0
0,0
0,0
7,-135
11,-106
3,-12
20,-78
25,-112
-4,-90
24,-104
-82,-34
-2,-48
19,-155
21,-152
-81,-22
-54,-42
-59,-46
-59,-93
0,0
0,0
0,0
0,0
0,0
35,-107
32,-72
-37,-22
5,-59
25,-88
30,-83
20,-78
-35,-55
26,-42
22,-135
-4,-120
-25,-57
0,-61
6,-74
8,-111
0,0
0,0
0,0
0,0
0,0
47,-73
41,-56
-88,-37
-15,-62
11,-46
18,-49
7,-37
31,-65
32,-33
11,-94
-17,-118
7,-57
19,-42
26,-59
28,-97
0,0
0,0
0,0
0,0
0,0
7,-49
13,-122
14,-156
16,-80
16,-80
34,-119
0,0
0,0
0,0
0,0
-32,-56
-50,-126
-18,-154
45,-58
45,-58
50,-80
0,0
0,0
0,0
0,0
-41,-83
-81,-136
-36,-171
53,-2
53,-2
45,-35
0,0
0,0
0,0
0,0
-15,-103
-54,-151
-22,-193
40,20
40,20
21,-8
0,0
0,0
0,0
0,0
-4,-115
11,-159
11,-200
9,29
9,29
-40,-22
0,0
0,0
0,0
0,0
-5,-101
29,-152
-4,-197
-79,17
-79,17
-78,-62
0,0
0,0
0,0
0,0
6,-74
35,-137
-11,-175
-113,-7
-113,-7
-59,-107
0,0
0,0
0,0
0,0
22,-57
31,-126
-2,-155
-70,-63
-70,-63
3,-126
0,0
0,0
0,0
0,0
16,-6
-41,4
12,-211
12,-101
13,-51
13,-53
5,-134
12,-100
13,-78
14,-80
16,-80
16,-80
35,-117
0,0
0,0
0,0
0,0
0,0
0,0
0,0
-58,-6
-88,-3
37,-202
-48,-107
-50,-59
-11,-53
40,-120
-49,-103
-18,-87
-14,-88
45,-58
45,-58
49,-76
0,0
0,0
0,0
0,0
0,0
0,0
0,0
-91,-37
-74,-39
47,-172
-82,-142
-98,-77
-51,-50
49,-93
-86,-111
-63,-105
-62,-104
53,-2
53,-2
44,-32
0,0
0,0
0,0
0,0
0,0
0,0
0,0
-63,-87
-16,-68
39,-140
-56,-186
-77,-98
-50,-51
40,-74
-59,-139
-69,-122
-77,-119
40,20
40,20
19,-6
0,0
0,0
0,0
0,0
0,0
0,0
0,0
-8,-107
7,-58
12,-122
10,-203
0,-117
-9,-59
14,-68
9,-158
-26,-131
-37,-128
9,29
9,29
-44,-25
0,0
0,0
0,0
0,0
0,0
0,0
0,0
16,-87
28,-32
-33,-140
30,-194
42,-108
12,-60
-57,-74
26,-147
38,-122
31,-122
-79,17
-79,17
-77,-66
0,0
0,0
0,0
0,0
0,0
0,0
0,0
34,-39
42,-19
-52,-171
34,-151
50,-79
9,-53
-99,-92
29,-116
51,-102
46,-103
-113,-7
-113,-7
-55,-109
0,0
0,0
0,0
0,0
0,0
0,0
0,0
42,-19
33,-5
-32,-200
28,-108
40,-58
9,-51
-73,-114
26,-104
39,-84
38,-85
-70,-63
-70,-63
6,-125
0,0
0,0
0,0
0,0
0,0
0,0
0,0
34,-16
33,-18
-44,-55
15,-98
-71,-69
-41,-38
16,-36
-67,-37
-85,-31
-41,-61
-21,-10
8,-10
-70,-67
20,-69
-43,-109
-88,-46
-52,-41
4,-56
-43,-50
19,-67
-78,-23
-61,-8
-47,-107
21,-61
4,-130
-70,-78
-95,-55
38,-41
24,-61
37,-35
-81,-74
-87,-19
12,-126
-2,-57
11,-113
-7,-107
-71,-76
43,-17
38,-35
39,-15
-29,-112
-54,-53
23,-110
-61,-57
16,-75
18,-99
5,-96
31,-2
33,-12
26,-5
6,-113
0,-70
16,-70
-78,-71
22,-66
35,-74
35,-87
5,1
17,-4
-14,-4
26,-76
20,-49
9,-49
-41,-111
12,-59
42,-56
44,-61
-53,-7
-9,-8
-80,-13
39,-33
31,-29
0,-50
6,-122
-45,-56
28,-43
38,-43
-91,-21
-69,-18
-92,-30
13,-57
1,-67
-30,-107
-66,-53
-8,-39
31,-104
0,0
0,0
0,0
0,0
19,-32
6,-54
-12,-125
-63,-97
-49,-69
18,-98
0,0
0,0
0,0
0,0
23,-26
9,-34
1,-125
-14,-125
-52,-106
4,-98
0,0
0,0
0,0
0,0
7,-22
15,-33
19,-106
24,-117
-15,-132
-6,-100
0,0
0,0
0,0
0,0
-55,-20
14,-32
30,-77
33,-86
30,-129
-15,-116
0,0
0,0
0,0
0,0
-78,-26
-39,-27
27,-64
30,-45
42,-102
-9,-123
0,0
0,0
0,0
0,0
-47,-62
-67,-27
-2,-63
18,-20
34,-71
11,-122
0,0
0,0
0,0
0,0
2,-77
-47,-49
-25,-77
-22,-24
15,-45
31,-108
0,0
0,0
0,0
0,0
38,-64
32,-46
46,-101
-12,-115
-12,-115
29,-120
0,0
0,0
0,0
0,0
22,-33
8,-4
35,-59
-10,-136
-10,-136
41,-96
0,0
0,0
0,0
0,0
-1,-20
-13,-5
11,-28
8,-145
8,-145
30,-80
0,0
0,0
0,0
0,0
-48,-47
-48,-20
-15,-22
24,-141
24,-141
-3,-78
0,0
0,0
0,0
0,0
-59,-84
-74,-47
-59,-52
18,-125
18,-125
-29,-97
0,0
0,0
0,0
0,0
-25,-114
-42,-85
-62,-93
4,-106
4,-106
-32,-125
0,0
0,0
0,0
0,0
25,-117
18,-106
-16,-119
-7,-102
-7,-102
-19,-143
0,0
0,0
0,0
0,0
40,-100
45,-89
37,-127
-8,-106
-8,-106
4,-141
0,0
0,0
0,0
0,0
0,-80
-13,-94
-18,-125
5,-75
5,-75
5,-75
5,-75
37,-90
0,0
0,0
-12,-87
-10,-107
25,-126
48,-63
48,-63
48,-63
48,-63
47,-60
0,0
0,0
-18,-111
-20,-122
12,-110
51,-10
51,-10
51,-10
51,-10
36,-34
0,0
0,0
-27,-123
-21,-120
-3,-82
34,25
34,25
34,25
34,25
-8,-31
0,0
0,0
-11,-121
-2,-107
-6,-63
5,31
5,31
5,31
5,31
-51,-61
0,0
0,0
18,-107
25,-88
-1,-70
-60,19
-60,19
-60,19
-60,19
-52,-98
0,0
0,0
40,-88
22,-82
-36,-78
-108,-3
-108,-3
-108,-3
-108,-3
-19,-123
0,0
0,0
24,-79
-1,-84
-45,-101
-81,-51
-81,-51
-81,-51
-81,-51
11,-121
0,0
0,0
-51,-60
-54,-107
-49,-118
-63,-122
40,-119
38,-105
40,-106
40,-119
39,-141
39,-119
-47,-92
-58,-127
-58,-139
-54,-150
20,-86
10,-74
14,-76
20,-86
24,-107
29,-89
-6,-113
-18,-154
-21,-167
-2,-172
-8,-74
-15,-78
-13,-79
-8,-74
0,-68
11,-70
14,-103
20,-151
26,-169
31,-160
-22,-87
-28,-95
-27,-96
-22,-87
-16,-66
-15,-73
3,-81
11,-131
16,-150
17,-132
-35,-104
-55,-112
-45,-113
-35,-104
-32,-80
-42,-99
-1,-50
2,-95
3,-114
1,-96
-63,-114
-63,-118
-60,-120
-63,-114
-59,-93
-36,-127
4,-54
2,-98
-1,-106
-6,-102
-46,-113
-25,-121
-32,-116
-46,-113
-46,-128
2,-141
-16,-59
-8,-103
-2,-110
-27,-113
5,-128
33,-128
22,-122
5,-128
3,-151
33,-139
19,-83
-21,-125
-23,-81
-68,-59
13,-43
22,-65
-31,-125
-44,-109
-31,-125
33,-129
4,-84
24,-119
-39,-109
-74,-76
-36,-48
-35,-64
15,-140
7,-132
15,-140
38,-107
-2,-89
33,-85
-23,-134
-27,-87
-62,-62
-79,-70
31,-127
30,-121
31,-127
30,-81
-8,-100
32,-41
10,-142
26,-85
-43,-80
-67,-84
24,-94
24,-84
24,-94
11,-64
-21,-109
20,-20
31,-124
42,-71
8,-86
-6,-107
8,-62
10,-46
8,-62
-20,-74
-14,-107
-22,-23
36,-104
41,-55
34,-80
18,-102
-6,-46
-2,-39
-6,-46
-40,-100
9,-98
-74,-45
27,-80
24,-47
46,-64
27,-82
-32,-61
-31,-46
-32,-61
-28,-126
31,-86
-73,-93
10,-69
-14,-49
39,-48
30,-71
-48,-90
-59,-70
-48,-90
10,-134
19,-83
-21,-125
-33,-36
36,-106
10,-113
40,-89
-30,-101
-46,-75
19,-89
-31,-152
-42,-138
-31,-150
33,-139
0,0
0,0
0,0
0,0
0,0
0,0
0,0
4,-84
23,-119
-71,-72
25,-83
17,-92
44,-73
20,-102
-63,-91
-43,-89
15,-167
9,-159
15,-165
38,-119
0,0
0,0
0,0
0,0
0,0
0,0
0,0
-2,-89
33,-85
-58,-115
6,-74
2,-89
30,-61
44,-89
-33,-106
-81,-97
31,-154
30,-146
31,-152
29,-94
0,0
0,0
0,0
0,0
0,0
0,0
0,0
-8,-100
32,-41
-2,-138
-29,-92
-34,-106
1,-60
49,-71
18,-107
-61,-113
24,-121
23,-109
24,-119
11,-79
0,0
0,0
0,0
0,0
0,0
0,0
0,0
-21,-109
20,-21
28,-123
-40,-120
-40,-133
-59,-69
32,-57
41,-97
3,-131
8,-88
9,-71
8,-86
-18,-91
0,0
0,0
0,0
0,0
0,0
0,0
0,0
-14,-107
-22,-23
34,-89
-18,-143
-13,-154
-78,-85
-2,-57
47,-79
21,-123
-6,-73
-4,-67
-6,-71
-36,-114
0,0
0,0
0,0
0,0
0,0
0,0
0,0
9,-98
-74,-45
29,-48
14,-148
6,-153
-41,-100
-47,-69
32,-66
28,-104
-32,-88
-33,-75
-32,-86
-24,-138
0,0
0,0
0,0
0,0
0,0
0,0
0,0
31,-86
-73,-92
15,-29
33,-128
5,-140
19,-101
-61,-86
2,-65
29,-94
-46,-116
-60,-98
-47,-115
12,-145
0,0
0,0
0,0
0,0
0,0
0,0
0,0
36,-39
20,-62
42,-72
-1,-136
-8,-81
-39,-87
0,0
0,0
0,0
0,0
-10,-37
-14,-64
21,-43
27,-124
6,-70
-12,-106
0,0
0,0
0,0
0,0
-51,-69
-39,-94
-8,-39
42,-89
1,-71
24,-117
0,0
0,0
0,0
0,0
-50,-107
-34,-121
-49,-66
37,-60
-22,-85
31,-103
0,0
0,0
0,0
0,0
-22,-132
-18,-134
-52,-101
18,-44
-23,-105
18,-76
0,0
0,0
0,0
0,0
5,-128
15,-125
-14,-125
-25,-51
-2,-119
1,-51
0,0
0,0
0,0
0,0
32,-99
44,-97
31,-127
-54,-86
0,-117
-10,-40
0,0
0,0
0,0
0,0
47,-60
50,-75
46,-107
-40,-120
-10,-97
-31,-60
0,0
0,0
0,0
0,0
11,-102
27,-86
-21,-30
-37,-98
43,-60
39,-77
0,0
0,0
0,0
0,0
20,-100
15,-64
-59,-47
44,-102
27,-18
24,-35
0,0
0,0
0,0
0,0
11,-91
-4,-30
-82,-62
54,-64
4,-14
2,-16
0,0
0,0
0,0
0,0
-7,-84
-14,-37
-49,-87
33,-16
-31,-25
-40,-28
0,0
0,0
0,0
0,0
-15,-84
-12,-51
20,-102
2,-11
-87,-41
-69,-65
0,0
0,0
0,0
0,0
-7,-85
-46,-58
44,-80
-29,-25
-86,-64
-45,-102
0,0
0,0
0,0
0,0
6,-84
-56,-59
26,-34
-87,-46
-26,-102
7,-128
0,0
0,0
0,0
0,0
4,-97
-25,-81
-1,-19
-94,-67
37,-100
38,-116
0,0
0,0
0,0
0,0
35,-72
20,-86
-37,-84
-43,-61
-58,-95
-49,-111
-49,-109
8,-125
42,-78
0,0
34,-55
13,-90
-62,-83
-57,-63
-61,-105
-17,-137
-17,-135
27,-123
36,-57
0,0
4,-49
8,-92
-41,-113
-26,-78
-18,-133
33,-139
33,-138
32,-112
2,-50
0,0
-26,-62
8,-93
12,-123
-4,-91
22,-130
27,-115
27,-113
14,-94
-34,-73
0,0
-38,-95
1,-90
7,-114
8,-92
12,-108
6,-77
6,-76
-9,-88
-41,-104
0,0
-18,-118
-13,-98
2,-82
23,-88
2,-81
-11,-56
-11,-54
-22,-92
-21,-126
0,0
-5,-123
-12,-98
6,-83
30,-80
1,-85
-16,-66
-16,-65
-14,-103
3,-127
0,0
18,-105
5,-93
12,-84
3,-69
-10,-90
-43,-82
-43,-80
-5,-114
29,-103
0,0
-65,-58
-70,-66
-47,-94
42,-131
29,-79
-41,-105
-3,-113
19,-83
22,-76
24,-133
24,-133
23,-112
0,0
0,0
0,0
0,0
0,0
0,0
0,0
0,0
-48,-91
-46,-83
-21,-119
44,-109
36,-30
23,-115
20,-100
14,-50
15,-35
51,-99
51,-99
40,-100
0,0
0,0
0,0
0,0
0,0
0,0
0,0
0,0
5,-110
12,-98
27,-121
29,-84
32,-16
31,-85
20,-64
10,-27
8,-24
57,-61
57,-61
32,-86
0,0
0,0
0,0
0,0
0,0
0,0
0,0
0,0
24,-98
26,-81
12,-106
1,-66
7,-11
24,-45
17,-28
7,-29
-16,-29
19,-45
19,-45
15,-77
0,0
0,0
0,0
0,0
0,0
0,0
0,0
0,0
12,-61
13,-43
-7,-78
-25,-80
-68,-18
13,-20
12,-25
-36,-34
-63,-38
-37,-59
-37,-59
-11,-91
0,0
0,0
0,0
0,0
0,0
0,0
0,0
0,0
0,-33
-1,-40
-12,-66
-36,-103
-96,-41
-1,-24
-32,-31
-70,-41
-64,-77
-62,-95
-62,-95
-25,-107
0,0
0,0
0,0
0,0
0,0
0,0
0,0
0,0
-6,-40
-9,-50
-4,-76
-21,-124
-58,-90
-58,-36
-70,-48
-53,-80
-17,-106
-41,-128
-41,-128
-26,-121
0,0
0,0
0,0
0,0
0,0
0,0
0,0
0,0
-35,-49
-45,-59
-36,-83
12,-135
11,-104
-77,-65
-57,-89
3,-100
25,-101
-9,-142
-9,-142
-4,-122
0,0
0,0
0,0
0,0
0,0
0,0
0,0
0,0
35,-37
-65,-25
-7,-23
-2,-25
15,-96
-48,-114
-47,-105
22,-108
-53,-84
-41,-134
-46,-109
-1,-129
0,0
0,0
0,0
0,0
0,0
0,0
0,0
0,0
2,-28
-46,-40
-5,-32
-5,-30
2,-61
-10,-140
-25,-133
13,-71
-15,-111
29,-148
-21,-135
32,-128
0,0
0,0
0,0
0,0
0,0
0,0
0,0
0,0
-44,-54
10,-57
-33,-35
-13,-38
-4,-49
42,-140
20,-142
7,-49
24,-113
50,-123
24,-141
29,-110
0,0
0,0
0,0
0,0
0,0
0,0
0,0
0,0
-53,-91
28,-50
-39,-29
-50,-40
-8,-53
39,-113
33,-125
3,-51
13,-88
37,-73
34,-124
6,-83
0,0
0,0
0,0
0,0
0,0
0,0
0,0
0,0
-23,-119
13,-14
-9,-23
-53,-40
-46,-60
13,-76
11,-92
-45,-59
-3,-51
9,-32
10,-90
-15,-68
0,0
0,0
0,0
0,0
0,0
0,0
0,0
0,0
4,-124
0,-6
26,-19
-10,-63
-45,-89
-14,-50
-12,-63
-68,-75
-8,-52
-19,-35
-13,-62
-22,-72
0,0
0,0
0,0
0,0
0,0
0,0
0,0
0,0
27,-99
-5,-12
12,-13
25,-69
-11,-114
-29,-55
-20,-65
-41,-112
-13,-61
-58,-54
-22,-64
-23,-85
0,0
0,0
0,0
0,0
0,0
0,0
0,0
0,0
40,-62
-35,-20
-3,-14
12,-44
25,-120
-47,-77
-32,-81
18,-123
-51,-66
-77,-89
-34,-81
-25,-113
0,0
0,0
0,0
0,0
0,0
0,0
0,0
0,0
17,-113
-72,-63
-33,-48
2,-35
33,-89
-54,-77
-2,-64
-3,-107
-64,-47
15,-97
14,-126
14,-126
14,-126
31,-104
0,0
0,0
0,0
0,0
0,0
0,0
29,-112
-49,-86
-77,-58
-7,-44
28,-41
-1,-100
13,-67
-1,-104
-90,-65
1,-78
41,-104
41,-104
41,-104
44,-57
0,0
0,0
0,0
0,0
0,0
0,0
24,-101
9,-103
-68,-84
-42,-56
18,-32
32,-92
-18,-65
4,-74
-55,-113
-5,-58
50,-47
50,-47
50,-47
41,-24
0,0
0,0
0,0
0,0
0,0
0,0
12,-90
23,-87
-11,-113
-73,-66
1,-33
18,-57
-51,-59
16,-70
3,-131
1,-64
40,-20
40,-20
40,-20
5,-15
0,0
0,0
0,0
0,0
0,0
0,0
-2,-81
13,-49
26,-106
-53,-85
-68,-43
0,-38
-43,-79
26,-64
23,-107
-7,-70
8,-12
8,-12
8,-12
-67,-24
0,0
0,0
0,0
0,0
0,0
0,0
-13,-92
3,-43
24,-69
6,-104
-89,-60
-11,-45
-1,-97
-27,-59
32,-68
-48,-69
-77,-23
-77,-23
-77,-23
-90,-74
0,0
0,0
0,0
0,0
0,0
0,0
-10,-103
-4,-50
14,-41
31,-87
-48,-104
-35,-57
2,-93
-64,-56
31,-53
-53,-75
-108,-58
-108,-58
-108,-58
-52,-120
0,0
0,0
0,0
0,0
0,0
0,0
1,-110
-44,-57
2,-41
17,-48
24,-111
-68,-64
-8,-69
-54,-89
5,-46
-17,-100
-65,-112
-65,-112
-65,-112
5,-131
0,0
0,0
0,0
0,0
0,0
0,0
0,0
0,0
0,0
0,0
0,0
0,0
0,0
0,0
0,0
0,0
0,0
0,0
0,0
0,0
0,0
0,0
0,0
0,0
0,0
0,0
0,0
0,0
0,0
0,0
0,0
0,0
0,0
0,0
0,0
0,0
0,0
0,0
0,0
0,0
0,0
0,0
0,0
0,0
0,0
0,0
0,0
0,0
0,0
0,0
0,0
0,0
0,0
0,0
0,0
0,0
0,0
0,0
0,0
0,0
0,0
0,0
0,0
0,0
0,0
0,0
0,0
0,0
0,0
0,0
0,0
0,0
0,0
0,0
0,0
0,0
0,0
0,0
0,0
0,0
0,0
0,0
0,0
0,0
0,0
0,0
36,-84
33,-54
10,-119
7,-124
10,-118
24,-88
0,0
0,0
0,0
0,0
14,-46
1,-19
53,-99
55,-105
51,-97
39,-63
0,0
0,0
0,0
0,0
-7,-20
-24,-12
68,-36
73,-40
66,-35
38,-20
0,0
0,0
0,0
0,0
-19,-25
-28,-29
54,-6
58,-6
52,-6
25,-7
0,0
0,0
0,0
0,0
-53,-45
-41,-45
14,7
16,9
13,6
-3,-8
0,0
0,0
0,0
0,0
-52,-81
-51,-48
-82,-5
-82,-3
-81,-6
-78,-18
0,0
0,0
0,0
0,0
-8,-103
-22,-60
-129,-35
-134,-35
-127,-35
-99,-37
0,0
0,0
0,0
0,0
42,-108
26,-71
-90,-95
-97,-97
-88,-94
-52,-81
0,0
0,0
0,0
0,0
33,-81
33,-54
7,-138
12,-127
4,-132
13,-130
12,-124
8,-145
0,0
0,0
5,-48
1,-19
54,-110
60,-95
55,-103
58,-104
59,-97
52,-128
0,0
0,0
-19,-25
-24,-12
74,-46
74,-33
75,-36
74,-40
73,-35
51,-83
0,0
0,0
-25,-32
-28,-29
59,-10
53,-1
61,-3
58,-8
55,-1
25,-35
0,0
0,0
-41,-47
-41,-45
13,5
2,8
15,10
10,5
7,11
-8,-15
0,0
0,0
-41,-74
-51,-48
-84,-4
-96,-5
-85,-1
-94,-9
-85,-2
-47,-31
0,0
0,0
-7,-97
-22,-60
-128,-38
-134,-39
-136,-35
-135,-43
-129,-33
-77,-71
0,0
0,0
37,-102
26,-71
-85,-104
-86,-101
-98,-100
-85,-110
-84,-91
-57,-120
0,0
0,0
37,-49
-2,-40
-85,-50
-46,-77
-2,-40
0,-32
-3,-37
41,-27
29,-22
2,-88
-22,-137
34,-38
33,-19
32,-17
33,-44
0,0
0,0
0,0
0,0
0,0
5,-38
-63,-40
-26,-80
-44,-110
-12,-49
-11,-41
-16,-46
30,-6
11,-18
-7,-95
-57,-150
48,-22
32,-8
23,-5
21,-11
0,0
0,0
0,0
0,0
0,0
-42,-60
-73,-84
35,-79
-5,-128
-62,-59
-36,-52
-62,-53
11,1
-36,-20
-56,-102
-51,-171
36,-5
-3,0
2,-3
4,-7
0,0
0,0
0,0
0,0
0,0
-56,-98
-33,-121
42,-40
32,-132
-72,-68
-68,-58
-66,-65
-14,-6
-69,-27
-72,-109
-6,-193
-32,5
-68,0
-65,-9
-40,-14
0,0
0,0
0,0
0,0
0,0
-29,-128
-5,-134
28,-12
33,-109
-32,-101
-53,-63
-23,-96
-71,-18
-52,-37
-38,-144
37,-186
-83,0
-86,-11
-88,-20
-83,-28
0,0
0,0
0,0
0,0
0,0
7,-136
12,-108
6,-9
22,-76
27,-107
1,-84
25,-98
-78,-31
3,-43
21,-154
19,-153
-76,-18
-45,-49
-51,-54
-66,-65
0,0
0,0
0,0
0,0
0,0
35,-111
32,-71
-30,-18
6,-53
26,-80
31,-74
19,-69
-32,-46
26,-40
22,-131
-4,-120
-21,-50
3,-61
14,-72
-3,-95
0,0
0,0
0,0
0,0
0,0
47,-78
41,-53
-86,-33
-12,-52
12,-38
18,-39
6,-34
31,-54
33,-31
11,-89
-15,-122
9,-48
22,-35
31,-49
35,-88
0,0
0,0
0,0
0,0
0,0
14,-61
11,-128
11,-161
14,-73
14,-73
31,-102
0,0
0,0
0,0
0,0
-13,-70
-57,-132
-22,-163
44,-56
44,-56
40,-62
0,0
0,0
0,0
0,0
-22,-87
-83,-143
-34,-185
52,-3
52,-3
34,-13
0,0
0,0
0,0
0,0
-8,-100
-50,-158
-16,-205
41,20
41,20
17,-1
0,0
0,0
0,0
0,0
-1,-107
13,-167
13,-208
11,28
11,28
-29,-3
0,0
0,0
0,0
0,0
-8,-102
29,-157
-2,-201
-73,18
-73,18
-88,-18
0,0
0,0
0,0
0,0
-1,-85
34,-142
-10,-179
-113,-4
-113,-4
-82,-66
0,0
0,0
0,0
0,0
14,-68
30,-131
-2,-160
-75,-54
-75,-54
-17,-99
0,0
0,0
0,0
0,0
25,-2
-36,7
11,-212
11,-108
12,-61
12,-57
9,-138
11,-102
13,-82
13,-85
14,-73
14,-73
32,-100
0,0
0,0
0,0
0,0
0,0
0,0
0,0
-39,-6
-89,0
38,-203
-44,-115
-44,-69
-8,-59
38,-124
-55,-106
-19,-92
-14,-92
44,-56
44,-56
39,-58
0,0
0,0
0,0
0,0
0,0
0,0
0,0
-82,-47
-81,-35
49,-174
-81,-140
-92,-86
-50,-58
47,-96
-87,-115
-66,-108
-66,-106
52,-3
52,-3
33,-12
0,0
0,0
0,0
0,0
0,0
0,0
0,0
-68,-95
-19,-68
41,-144
-59,-186
-76,-106
-52,-60
40,-78
-56,-150
-66,-125
-75,-122
41,20
41,20
16,-1
0,0
0,0
0,0
0,0
0,0
0,0
0,0
-6,-122
8,-62
12,-129
7,-205
-5,-120
-13,-63
15,-70
12,-168
-19,-132
-30,-130
11,28
11,28
-34,-4
0,0
0,0
0,0
0,0
0,0
0,0
0,0
25,-107
29,-29
-33,-148
29,-196
42,-111
15,-64
-61,-76
26,-153
38,-123
33,-122
-73,18
-73,18
-89,-19
0,0
0,0
0,0
0,0
0,0
0,0
0,0
41,-67
42,-15
-49,-179
31,-155
49,-86
13,-59
-100,-94
29,-118
49,-104
45,-105
-113,-4
-113,-4
-78,-70
0,0
0,0
0,0
0,0
0,0
0,0
0,0
42,-22
34,-1
-27,-206
25,-115
38,-67
11,-56
-71,-119
25,-106
38,-87
35,-90
-75,-54
-75,-54
-11,-99
0,0
0,0
0,0
0,0
0,0
0,0
0,0
33,-11
33,-14
-41,-53
19,-104
-69,-76
-45,-37
14,-33
-73,-35
-87,-29
-49,-62
0,-7
13,-7
-68,-69
22,-67
-40,-114
-92,-46
-59,-39
-5,-60
-50,-53
16,-73
-63,-27
-59,-6
-48,-110
21,-57
6,-134
-69,-84
-99,-55
35,-49
20,-68
35,-44
-79,-74
-90,-16
10,-130
0,-54
12,-116
-6,-114
-70,-82
42,-19
37,-44
38,-18
-41,-115
-60,-53
25,-115
-62,-56
16,-74
18,-103
10,-101
32,-3
33,-15
27,-7
11,-124
0,-73
18,-75
-81,-73
21,-65
35,-73
36,-89
7,1
18,-5
-6,-5
33,-94
20,-54
10,-48
-45,-115
10,-58
41,-54
45,-59
-48,-5
-5,-7
-75,-12
41,-47
31,-27
0,-47
7,-129
-46,-57
27,-41
37,-41
-92,-18
-66,-17
-94,-29
13,-61
1,-68
-28,-102
-64,-46
-5,-38
30,-109
0,0
0,0
0,0
0,0
18,-29
5,-58
-13,-122
-68,-89
-44,-62
24,-102
0,0
0,0
0,0
0,0
21,-23
7,-32
-1,-125
-24,-122
-54,-98
10,-99
0,0
0,0
0,0
0,0
11,-20
13,-31
17,-111
23,-119
-23,-127
-4,-98
0,0
0,0
0,0
0,0
-52,-18
13,-30
30,-85
33,-90
28,-131
-13,-107
0,0
0,0
0,0
0,0
-78,-24
-35,-26
28,-71
30,-49
41,-106
-11,-117
0,0
0,0
0,0
0,0
-50,-62
-67,-26
6,-66
19,-20
34,-76
7,-119
0,0
0,0
0,0
0,0
2,-79
-51,-48
-17,-74
-13,-22
16,-47
27,-111
0,0
0,0
0,0
0,0
30,-54
30,-41
45,-99
-20,-116
-20,-116
29,-136
0,0
0,0
0,0
0,0
14,-11
8,-1
34,-56
-14,-140
-14,-140
44,-108
0,0
0,0
0,0
0,0
-3,-8
-12,-5
11,-22
11,-149
11,-149
42,-70
0,0
0,0
0,0
0,0
-39,-18
-46,-18
-13,-16
25,-142
25,-142
22,-47
0,0
0,0
0,0
0,0
-75,-40
-76,-38
-60,-43
19,-122
19,-122
-28,-56
0,0
0,0
0,0
0,0
-53,-81
-46,-78
-67,-85
6,-98
6,-98
-62,-91
0,0
0,0
0,0
0,0
7,-102
15,-100
-22,-115
-6,-94
-6,-94
-51,-129
0,0
0,0
0,0
0,0
39,-94
43,-84
36,-125
-13,-101
-13,-101
-2,-149
0,0
0,0
0,0
0,0
9,-84
-8,-98
-12,-128
-3,-70
-3,-70
-3,-70
-3,-70
33,-100
0,0
0,0
-6,-88
-5,-107
25,-126
46,-59
46,-59
46,-59
46,-59
46,-68
0,0
0,0
-14,-106
-19,-119
12,-105
50,-9
50,-9
50,-9
50,-9
38,-38
0,0
0,0
-26,-120
-20,-119
-2,-77
34,25
34,25
34,25
34,25
7,-25
0,0
0,0
-15,-123
-1,-109
-5,-62
7,31
7,31
7,31
7,31
-43,-50
0,0
0,0
12,-114
25,-91
-5,-69
-53,20
-53,20
-53,20
-53,20
-58,-87
0,0
0,0
36,-97
21,-88
-40,-77
-106,0
-106,0
-106,0
-106,0
-30,-118
0,0
0,0
30,-88
2,-90
-44,-106
-85,-41
-85,-41
-85,-41
-85,-41
6,-125
0,0
0,0
-50,-58
-49,-107
-49,-119
-68,-124
41,-116
39,-106
40,-109
41,-116
39,-123
38,-112
-52,-86
-63,-125
-60,-144
-52,-160
21,-83
12,-78
17,-81
21,-83
21,-84
22,-69
-15,-111
-30,-156
-25,-173
3,-179
-5,-77
-13,-81
-10,-82
-5,-77
-3,-61
2,-38
16,-108
21,-159
26,-174
32,-164
-21,-89
-26,-98
-24,-98
-21,-89
-18,-69
-13,-43
8,-83
15,-143
19,-158
19,-133
-36,-107
-56,-114
-45,-115
-36,-107
-41,-84
-52,-56
1,-51
5,-106
6,-121
3,-97
-64,-116
-63,-120
-62,-122
-64,-116
-69,-95
-66,-85
4,-49
3,-98
0,-106
-5,-102
-45,-115
-25,-121
-33,-119
-45,-115
-49,-113
-29,-119
-9,-55
2,-102
-2,-110
-34,-113
7,-126
33,-127
22,-124
7,-126
7,-135
29,-134
19,-88
-28,-121
-16,-76
-72,-60
11,-43
20,-64
-36,-121
-48,-106
-36,-121
30,-128
10,-88
22,-122
-38,-103
-69,-77
-42,-48
-43,-64
11,-140
1,-131
11,-140
34,-102
4,-89
34,-88
-28,-129
-17,-86
-62,-63
-82,-71
27,-127
25,-122
27,-127
25,-61
-7,-95
32,-43
7,-141
26,-83
-37,-79
-63,-90
22,-94
22,-87
22,-94
11,-30
-20,-103
20,-20
29,-127
41,-70
10,-85
2,-110
10,-59
12,-47
10,-59
-10,-31
-14,-104
-15,-21
35,-110
39,-55
33,-79
19,-102
-2,-46
2,-41
-2,-46
-59,-54
9,-98
-71,-38
27,-85
22,-47
45,-63
28,-80
-31,-54
-27,-47
-31,-54
-63,-94
27,-90
-77,-85
12,-71
-23,-50
38,-49
30,-70
-51,-84
-60,-65
-51,-84
-18,-121
19,-88
-28,-121
-25,-35
36,-114
10,-112
40,-90
-22,-102
-51,-76
17,-91
-36,-150
-47,-136
-36,-147
29,-142
0,0
0,0
0,0
0,0
0,0
0,0
0,0
10,-88
22,-121
-69,-65
27,-88
17,-94
44,-74
22,-103
-61,-93
-51,-91
11,-168
3,-160
11,-166
34,-117
0,0
0,0
0,0
0,0
0,0
0,0
0,0
4,-89
33,-87
-63,-108
10,-75
-4,-94
30,-62
44,-90
-25,-106
-83,-100
27,-157
26,-151
27,-154
26,-77
0,0
0,0
0,0
0,0
0,0
0,0
0,0
-7,-95
32,-43
-11,-135
-23,-86
-34,-113
-7,-61
48,-71
19,-108
-56,-121
22,-122
21,-114
22,-120
11,-47
0,0
0,0
0,0
0,0
0,0
0,0
0,0
-20,-103
20,-20
26,-126
-42,-114
-34,-140
-65,-70
30,-58
40,-97
7,-135
10,-87
11,-75
10,-85
-9,-45
0,0
0,0
0,0
0,0
0,0
0,0
0,0
-14,-104
-15,-21
33,-94
-26,-140
-5,-158
-76,-87
-5,-58
45,-81
21,-124
-2,-75
1,-71
-2,-72
-56,-70
0,0
0,0
0,0
0,0
0,0
0,0
0,0
9,-98
-71,-38
29,-53
11,-149
6,-152
-34,-101
-51,-70
31,-69
28,-104
-31,-83
-30,-77
-31,-81
-60,-109
0,0
0,0
0,0
0,0
0,0
0,0
0,0
27,-90
-77,-85
16,-30
32,-134
5,-137
20,-102
-59,-89
-2,-67
29,-96
-52,-113
-60,-95
-52,-111
-17,-135
0,0
0,0
0,0
0,0
0,0
0,0
0,0
38,-57
27,-64
42,-70
-1,-134
-7,-72
-45,-74
0,0
0,0
0,0
0,0
15,-38
-7,-63
20,-39
27,-125
5,-67
-26,-99
0,0
0,0
0,0
0,0
-30,-52
-36,-89
-8,-31
41,-93
-8,-70
12,-115
0,0
0,0
0,0
0,0
-55,-85
-34,-117
-51,-59
37,-63
-27,-87
31,-108
0,0
0,0
0,0
0,0
-38,-118
-19,-133
-58,-97
18,-44
-21,-108
21,-81
0,0
0,0
0,0
0,0
7,-132
15,-127
-19,-123
-18,-47
6,-119
4,-52
0,0
0,0
0,0
0,0
36,-115
43,-103
32,-127
-51,-80
2,-113
-7,-37
0,0
0,0
0,0
0,0
47,-89
50,-81
47,-107
-43,-115
-9,-90
-25,-47
0,0
0,0
0,0
0,0
31,-110
29,-82
-19,-29
-34,-97
42,-52
34,-56
0,0
0,0
0,0
0,0
26,-94
16,-55
-62,-45
45,-99
29,-17
16,-15
0,0
0,0
0,0
0,0
11,-71
-3,-25
-83,-58
55,-59
5,-13
-4,-13
0,0
0,0
0,0
0,0
-4,-53
-12,-34
-47,-82
34,-14
-36,-22
-44,-24
0,0
0,0
0,0
0,0
-15,-60
-13,-47
23,-96
2,-9
-91,-38
-80,-40
0,0
0,0
0,0
0,0
-24,-76
-54,-55
42,-73
-31,-22
-86,-61
-62,-83
0,0
0,0
0,0
0,0
-16,-92
-58,-57
25,-26
-91,-43
-22,-98
1,-111
0,0
0,0
0,0
0,0
4,-111
-19,-81
1,-18
-94,-65
37,-94
39,-99
0,0
0,0
0,0
0,0
34,-96
15,-90
-42,-85
-48,-63
-63,-94
-53,-113
-53,-111
4,-132
40,-100
0,0
35,-68
13,-95
-64,-85
-62,-66
-62,-113
-19,-140
-18,-138
35,-128
34,-64
0,0
24,-44
14,-95
-38,-116
-25,-85
-14,-140
29,-142
29,-141
30,-103
16,-36
0,0
-3,-39
16,-92
14,-124
-2,-100
22,-135
24,-117
24,-115
11,-74
-8,-30
0,0
-41,-64
2,-85
8,-113
8,-93
14,-110
8,-78
8,-76
-8,-56
-49,-56
0,0
-44,-96
-13,-91
3,-81
23,-87
6,-82
-4,-57
-4,-55
-20,-65
-53,-92
0,0
-13,-119
-13,-92
6,-82
29,-80
3,-84
-11,-66
-11,-65
-34,-85
-14,-114
0,0
19,-115
3,-92
10,-84
0,-70
-17,-90
-48,-80
-48,-78
-28,-115
31,-121
0,0
-69,-56
-73,-65
-47,-102
42,-133
30,-78
-49,-98
-12,-109
19,-83
23,-74
23,-136
23,-136
22,-117
0,0
0,0
0,0
0,0
0,0
0,0
0,0
0,0
-46,-91
-40,-84
-14,-125
43,-109
35,-31
17,-113
18,-102
12,-52
12,-34
51,-100
51,-100
39,-105
0,0
0,0
0,0
0,0
0,0
0,0
0,0
0,0
11,-108
22,-95
29,-122
28,-81
31,-15
30,-88
19,-67
7,-26
4,-23
57,-59
57,-59
38,-89
0,0
0,0
0,0
0,0
0,0
0,0
0,0
0,0
25,-92
27,-72
13,-102
1,-61
12,-10
24,-49
16,-29
6,-28
-11,-29
25,-38
25,-38
20,-76
0,0
0,0
0,0
0,0
0,0
0,0
0,0
0,0
12,-52
13,-35
-6,-73
-24,-72
-64,-17
13,-19
13,-25
-29,-35
-61,-39
-37,-52
-37,-52
-7,-86
0,0
0,0
0,0
0,0
0,0
0,0
0,0
0,0
0,-31
-1,-37
-11,-64
-41,-97
-96,-34
1,-21
-23,-29
-66,-40
-65,-71
-67,-88
-67,-88
-24,-103
0,0
0,0
0,0
0,0
0,0
0,0
0,0
0,0
-7,-38
-11,-48
-6,-74
-27,-121
-63,-84
-52,-33
-66,-41
-55,-74
-22,-101
-48,-125
-48,-125
-26,-118
0,0
0,0
0,0
0,0
0,0
0,0
0,0
0,0
-43,-48
-54,-57
-43,-82
8,-136
10,-102
-78,-57
-61,-82
-4,-97
27,-99
-10,-142
-10,-142
-5,-124
0,0
0,0
0,0
0,0
0,0
0,0
0,0
0,0
35,-40
-62,-22
-7,-24
-3,-25
14,-94
-55,-111
-53,-107
23,-107
-54,-78
-45,-130
-52,-109
-8,-131
0,0
0,0
0,0
0,0
0,0
0,0
0,0
0,0
7,-29
-47,-30
0,-32
-4,-30
2,-58
-14,-141
-25,-136
13,-72
-16,-107
27,-146
-22,-138
29,-132
0,0
0,0
0,0
0,0
0,0
0,0
0,0
0,0
-38,-49
8,-45
-25,-32
-8,-37
-2,-49
44,-141
25,-143
6,-49
23,-109
50,-121
29,-143
31,-115
0,0
0,0
0,0
0,0
0,0
0,0
0,0
0,0
-54,-85
26,-41
-34,-26
-46,-39
-7,-54
41,-112
34,-123
2,-52
12,-82
37,-71
35,-121
12,-86
0,0
0,0
0,0
0,0
0,0
0,0
0,0
0,0
-29,-116
11,-9
-10,-19
-53,-36
-46,-59
15,-71
12,-87
-41,-60
-2,-49
11,-32
12,-84
-9,-62
0,0
0,0
0,0
0,0
0,0
0,0
0,0
0,0
3,-124
-1,-6
23,-12
-13,-55
-49,-83
-12,-44
-11,-57
-69,-70
-6,-53
-16,-35
-12,-56
-20,-65
0,0
0,0
0,0
0,0
0,0
0,0
0,0
0,0
27,-103
-4,-13
10,-11
23,-61
-14,-109
-28,-53
-20,-63
-47,-108
-14,-60
-62,-52
-22,-62
-26,-79
0,0
0,0
0,0
0,0
0,0
0,0
0,0
0,0
40,-67
-29,-20
-4,-13
10,-39
24,-117
-54,-73
-41,-80
13,-122
-53,-64
-81,-83
-43,-79
-32,-109
0,0
0,0
0,0
0,0
0,0
0,0
0,0
0,0
16,-121
-74,-63
-38,-49
1,-36
29,-88
-59,-79
2,-62
1,-110
-63,-45
15,-96
11,-124
11,-124
11,-124
27,-96
0,0
0,0
0,0
0,0
0,0
0,0
34,-113
-44,-86
-77,-57
-8,-45
26,-42
-8,-105
14,-62
1,-103
-91,-68
3,-74
41,-104
41,-104
41,-104
40,-48
0,0
0,0
0,0
0,0
0,0
0,0
30,-82
18,-100
-64,-81
-47,-55
18,-34
29,-100
-25,-62
6,-70
-57,-116
-3,-55
51,-48
51,-48
51,-48
38,-20
0,0
0,0
0,0
0,0
0,0
0,0
16,-50
25,-79
-5,-107
-73,-65
-3,-35
19,-66
-55,-58
17,-67
4,-135
2,-61
41,-19
41,-19
41,-19
21,-9
0,0
0,0
0,0
0,0
0,0
0,0
0,-33
14,-41
25,-98
-48,-87
-69,-43
3,-40
-43,-85
24,-62
25,-112
-15,-66
13,-10
13,-10
13,-10
-55,-13
0,0
0,0
0,0
0,0
0,0
0,0
-33,-49
3,-40
22,-59
14,-102
-86,-65
-7,-44
4,-101
-35,-57
33,-66
-54,-67
-72,-20
-72,-20
-72,-20
-98,-33
0,0
0,0
0,0
0,0
0,0
0,0
-54,-80
-7,-48
12,-40
29,-81
-42,-107
-29,-54
2,-94
-67,-57
30,-50
-52,-80
-110,-48
-110,-48
-110,-48
-74,-86
0,0
0,0
0,0
0,0
0,0
0,0
-31,-110
-52,-56
1,-42
15,-41
21,-110
-67,-61
-5,-67
-50,-95
7,-43
-11,-103
-73,-105
-73,-105
-73,-105
2,-111
0,0
0,0
0,0
0,0
0,0
0,0
0,0
0,0
0,0
0,0
0,0
0,0
0,0
0,0
0,0
0,0
0,0
0,0
0,0
0,0
0,0
0,0
0,0
0,0
0,0
0,0
0,0
0,0
0,0
0,0
0,0
0,0
0,0
0,0
0,0
0,0
0,0
0,0
0,0
0,0
0,0
0,0
0,0
0,0
0,0
0,0
0,0
0,0
0,0
0,0
0,0
0,0
0,0
0,0
0,0
0,0
0,0
0,0
0,0
0,0
0,0
0,0
0,0
0,0
0,0
0,0
0,0
0,0
0,0
0,0
0,0
0,0
0,0
0,0
0,0
0,0
0,0
0,0
0,0
0,0
0,0
0,0
0,0
0,0
0,0
0,0
